0 0 0 0 0
0 0 1 0 1
0 0 0 0 0
0 0 0 0 0
0 0 2 0 2
0 0 1 0 1
0 0 3 0 3
0 0 3 0 3
0 0 3 0 3
0 0 2 0 2
0 0 1 0 1
0 0 1 0 1
0 0 0 0 0
0 0 1 0 1
0 0 0 0 0
0 0 2 0 2
0 0 1 0 1
0 0 0 0 0
0 0 0 0 0
0 0 0 0 0
0 0 1 0 1
0 0 1 0 1
0 0 3 0 3
0 0 0 0 0
0 0 2 0 2
0 0 1 0 1
0 0 2 0 2
0 0 1 0 1
1 1 2 0 2
1 1 4 0 4
2 2 2 0 2
0 0 3 0 3
0 0 3 0 3
0 0 0 0 0
0 0 2 0 2
0 0 2 0 2
0 0 3 0 3
0 0 3 0 3
0 0 2 0 2
1 1 4 0 4
1 1 1 0 1
1 1 1 0 1
1 1 1 0 1
1 1 0 0 0
1 1 0 0 0
1 1 4 0 4
1 1 0 0 0
1 1 4 0 4
1 1 1 0 1
1 1 1 0 1
0 0 3 0 3
3 3 5 0 5
4 4 5 0 5
5 5 5 0 5
6 6 5 0 5
5 5 5 0 5
7 7 5 0 5
4 7 6 0 6
4 7 7 0 7
4 7 7 0 7
4 7 7 0 7
4 8 7 0 7
4 4 7 0 7
8 9 7 0 7
4 8 7 0 7
4 8 7 0 7
4 4 7 0 7
4 8 7 0 7
4 4 7 0 7
4 8 7 0 7
4 4 7 0 7
4 8 7 0 7
4 4 7 0 7
4 4 7 0 7
0 0 1 0 1
0 0 3 0 3
0 0 2 0 2
0 0 1 0 1
0 0 2 0 2
0 0 1 0 1
1 1 4 0 4
0 0 1 0 1
1 10 4 0 4
1 10 4 0 4
1 10 3 0 3
1 10 3 0 3
3 3 2 0 2
0 0 2 0 2
0 0 1 0 1
0 0 3 0 3
0 0 1 0 1
0 0 3 0 3
0 0 1 0 1
0 0 2 0 2
0 0 1 0 1
0 0 0 0 0
0 0 3 0 3
0 0 3 0 3
0 0 2 0 2
0 0 1 0 1
0 0 0 0 0
0 0 3 0 3
0 0 2 0 2
1 11 8 0 8
1 11 8 0 8
5 5 8 0 8
5 5 8 0 8
1 11 8 0 8
5 5 8 0 8
7 12 9 0 9
7 7 9 0 9
7 7 9 0 9
5 5 8 0 8
1 11 8 0 8
1 11 8 0 8
1 11 8 0 8
1 11 8 0 8
1 11 8 0 8
1 11 8 0 8
1 11 8 0 8
4 4 6 0 6
8 12 10 0 10
4 4 5 0 5
4 4 5 0 5
3 3 5 0 5
8 13 5 0 5
4 4 5 0 5
4 8 5 0 5
8 13 5 0 5
1 11 5 0 5
4 7 5 0 5
9 14 5 0 5
4 4 5 0 5
2 9 5 0 5
4 8 5 0 5
4 4 5 0 5
4 8 5 0 5
1 11 5 0 5
4 4 5 0 5
5 5 5 0 5
4 8 5 0 5
9 14 5 0 5
4 8 5 0 5
3 3 5 0 5
4 7 5 0 5
0 0 0 0 0
0 0 2 0 2
0 0 0 0 0
0 0 2 0 2
0 0 1 0 1
1 10 4 0 4
1 10 1 0 1
1 10 0 0 0
1 10 4 0 4
1 10 3 0 3
1 10 3 0 3
1 10 3 0 3
4 8 1 0 1
3 3 4 0 4
10 15 3 0 3
3 3 0 0 0
3 3 0 0 0
4 8 1 0 1
3 3 1 0 1
3 3 4 0 4
10 16 4 0 4
3 17 2 0 2
10 18 2 0 2
1 10 2 0 2
1 1 3 0 3
3 3 3 0 3
1 10 4 0 4
1 10 0 0 0
1 10 4 0 4
1 10 2 0 2
3 3 1 0 1
3 3 2 0 2
1 10 0 0 0
1 10 2 0 2
1 10 1 0 1
1 10 4 0 4
1 10 1 0 1
10 19 0 0 0
1 1 2 0 2
1 1 2 0 2
1 1 1 0 1
10 20 0 0 0
1 1 2 0 2
3 21 2 0 2
1 1 3 0 3
3 21 1 0 1
1 1 0 0 0
1 1 3 0 3
1 1 4 0 4
1 10 1 0 1
1 10 3 0 3
3 21 4 0 4
3 21 0 0 0
3 21 2 0 2
1 1 2 0 2
1 10 4 0 4
3 21 1 0 1
1 10 4 0 4
1 10 3 0 3
1 10 0 0 0
1 10 3 0 3
1 10 2 0 2
1 1 3 0 3
1 10 2 0 2
1 10 0 0 0
1 10 4 0 4
1 1 3 0 3
1 10 2 0 2
1 10 2 0 2
3 21 2 0 2
3 22 2 1 2
3 21 4 0 4
3 21 1 0 1
3 22 4 1 4
1 10 2 0 2
1 10 4 0 4
1 10 2 0 2
1 10 3 0 3
1 10 1 0 1
1 10 4 0 4
1 10 0 0 0
1 10 2 0 2
1 10 0 0 0
1 10 3 0 3
3 3 4 0 4
3 3 1 0 1
3 3 0 0 0
3 3 4 0 4
3 3 2 0 2
3 3 3 0 3
3 3 3 0 3
1 1 0 0 0
1 1 2 0 2
1 1 0 0 0
1 1 2 0 2
1 1 1 0 1
4 7 1 0 1
3 22 1 1 1
3 21 2 0 2
3 22 4 1 4
3 21 0 0 0
3 21 0 0 0
3 21 0 0 0
3 21 1 0 1
3 21 2 0 2
3 21 0 0 0
3 21 0 0 0
3 21 0 0 0
3 21 4 0 4
3 21 0 0 0
3 21 1 0 1
3 21 4 0 4
3 21 1 0 1
3 21 2 0 2
3 21 2 0 2
10 15 2 0 2
1 1 1 0 1
10 15 4 0 4
10 15 4 0 4
10 15 2 0 2
1 1 3 0 3
10 15 4 0 4
10 15 4 0 4
11 23 1 0 1
3 3 1 0 1
1 1 4 0 4
3 3 3 0 3
3 3 1 0 1
3 3 1 0 1
1 1 3 0 3
1 1 1 0 1
1 1 1 0 1
4 4 1 0 1
1 1 0 0 0
4 8 1 0 1
1 24 0 0 0
11 23 0 0 0
11 23 4 0 4
11 23 4 0 4
11 23 1 0 1
11 23 0 0 0
10 15 2 0 2
3 3 4 0 4
11 23 4 0 4
10 15 1 0 1
10 15 4 0 4
1 1 3 0 3
1 1 1 0 1
10 15 2 0 2
4 8 1 0 1
10 15 4 0 4
10 15 4 0 4
10 15 4 0 4
3 3 1 0 1
3 3 3 0 3
3 3 4 0 4
3 3 1 0 1
3 3 0 0 0
3 3 4 0 4
8 9 11 0 11
3 3 3 0 3
3 3 1 0 1
3 25 0 0 0
8 13 1 0 1
1 1 1 0 1
10 15 2 0 2
10 15 0 0 0
10 15 4 0 4
10 15 1 0 1
10 15 3 0 3
10 15 1 0 1
10 15 3 0 3
10 15 3 0 3
10 15 0 0 0
10 15 3 0 3
10 15 0 0 0
10 15 2 0 2
10 15 0 0 0
10 15 0 0 0
10 15 1 0 1
10 15 2 0 2
12 13 1 0 1
3 3 4 0 4
10 15 0 0 0
3 3 4 0 4
3 3 0 0 0
3 3 4 0 4
3 3 4 0 4
10 15 4 0 4
1 1 3 0 3
8 9 12 0 12
10 15 4 0 4
10 15 4 0 4
3 3 4 0 4
3 3 4 0 4
3 3 4 0 4
3 3 4 0 4
3 3 0 0 0
3 3 0 0 0
3 3 4 0 4
3 3 4 0 4
3 3 0 0 0
10 15 1 0 1
2 9 3 0 3
3 3 4 0 4
10 15 3 0 3
10 15 0 0 0
10 15 1 0 1
10 15 3 0 3
10 15 3 0 3
10 15 2 0 2
10 15 2 0 2
10 15 0 0 0
1 11 3 0 3
3 3 4 0 4
3 3 1 0 1
3 3 0 0 0
8 13 0 0 0
10 15 4 0 4
3 3 0 0 0
3 3 4 0 4
3 3 0 0 0
3 3 3 0 3
4 8 1 0 1
13 26 5 1 5
3 3 5 0 5
4 4 5 0 5
4 4 5 0 5
4 7 5 0 5
4 4 5 0 5
4 8 5 0 5
4 4 5 0 5
9 14 7 0 7
4 7 7 0 7
4 7 7 0 7
4 8 7 0 7
4 4 7 0 7
4 13 7 0 7
4 13 7 0 7
4 13 7 0 7
6 13 7 0 7
1 1 4 0 4
1 1 1 0 1
1 1 0 0 0
1 10 0 0 0
3 3 0 0 0
10 15 1 0 1
3 27 1 0 1
3 28 2 0 2
3 29 2 0 2
10 15 4 0 4
10 15 3 0 3
3 30 4 0 4
3 3 4 0 4
10 15 4 0 4
3 31 1 0 1
1 1 4 0 4
1 1 0 0 0
1 1 4 0 4
3 21 1 0 1
10 15 0 0 0
1 11 3 0 3
8 13 4 0 4
10 15 0 0 0
10 15 0 0 0
10 15 4 0 4
10 15 0 0 0
10 15 4 0 4
8 9 13 0 13
10 20 2 0 2
3 3 2 0 2
4 4 1 0 1
1 11 1 0 1
8 13 3 0 3
8 9 14 0 14
3 3 4 0 4
1 11 3 0 3
1 11 3 0 3
5 5 3 0 3
1 11 1 0 1
5 5 3 0 3
1 11 2 0 2
5 5 0 0 0
5 5 2 0 2
1 11 3 0 3
5 5 4 0 4
1 11 2 0 2
5 5 2 0 2
1 11 0 0 0
1 11 0 0 0
1 11 3 0 3
5 5 3 0 3
5 5 1 0 1
5 5 4 0 4
5 5 3 0 3
1 11 0 0 0
5 5 1 0 1
5 5 1 0 1
5 5 0 0 0
5 5 4 0 4
5 5 4 0 4
1 1 8 0 8
3 32 8 0 8
4 4 8 0 8
3 21 8 0 8
3 21 8 0 8
10 20 8 0 8
4 4 8 0 8
4 7 8 0 8
1 1 8 0 8
9 14 8 0 8
3 3 8 0 8
3 25 8 0 8
3 3 8 0 8
3 3 8 0 8
3 3 8 0 8
3 3 8 0 8
10 15 8 0 8
3 3 8 0 8
10 15 8 0 8
10 15 8 0 8
4 4 8 0 8
1 11 8 0 8
1 11 8 0 8
5 5 8 0 8
1 1 8 0 8
1 11 8 0 8
5 5 8 0 8
5 5 8 0 8
1 11 8 0 8
5 5 8 0 8
8 13 5 0 5
5 5 5 0 5
4 13 5 0 5
4 4 6 0 6
4 13 5 0 5
6 33 5 0 5
7 7 6 0 6
4 4 6 0 6
1 11 1 0 1
1 11 4 0 4
5 5 1 0 1
5 5 4 0 4
5 5 1 0 1
5 5 0 0 0
5 5 2 0 2
5 5 1 0 1
5 5 2 0 2
1 1 4 0 4
3 3 3 0 3
3 3 4 0 4
8 34 15 0 15
6 35 15 0 15
14 36 15 1 15
13 22 9 1 9
15 13 15 1 15
7 12 9 0 9
16 22 10 1 10
4 4 15 0 15
10 15 8 0 8
3 37 8 0 8
3 3 8 0 8
6 35 9 0 9
10 20 8 0 8
10 20 8 0 8
10 20 8 0 8
3 3 4 0 4
3 3 0 0 0
1 1 1 0 1
9 14 1 0 1
3 21 2 0 2
3 21 4 0 4
3 21 2 0 2
3 21 0 0 0
3 21 4 0 4
3 21 2 0 2
3 21 4 0 4
3 21 4 0 4
3 21 1 0 1
3 21 2 0 2
3 38 4 0 4
3 21 4 0 4
10 15 1 0 1
10 15 2 0 2
1 22 0 1 0
3 3 3 0 3
3 3 2 0 2
3 3 2 0 2
3 3 0 0 0
10 15 4 0 4
3 3 0 0 0
11 23 1 0 1
11 23 0 0 0
11 23 1 0 1
5 5 2 0 2
4 4 1 0 1
3 3 1 0 1
3 3 2 0 2
3 3 1 0 1
3 3 4 0 4
3 3 1 0 1
3 3 0 0 0
3 3 4 0 4
9 14 1 0 1
3 3 0 0 0
10 15 4 0 4
10 15 3 0 3
8 13 0 0 0
10 15 1 0 1
10 15 1 0 1
10 15 3 0 3
10 15 3 0 3
10 15 1 0 1
10 15 2 0 2
10 15 2 0 2
8 13 1 0 1
10 15 1 0 1
10 15 1 0 1
10 15 0 0 0
10 15 1 0 1
10 15 0 0 0
10 15 3 0 3
4 8 1 0 1
3 3 0 0 0
10 15 0 0 0
10 15 2 0 2
10 15 2 0 2
8 13 2 0 2
10 15 1 0 1
10 15 2 0 2
5 5 0 0 0
10 15 1 0 1
10 15 0 0 0
10 15 2 0 2
10 15 4 0 4
1 11 1 0 1
1 11 3 0 3
3 3 1 0 1
3 3 1 0 1
3 3 0 0 0
3 3 4 0 4
8 13 0 0 0
3 3 1 0 1
10 20 0 0 0
1 1 0 0 0
10 15 2 0 2
3 3 0 0 0
10 15 1 0 1
10 15 2 0 2
10 15 3 0 3
1 1 3 0 3
1 1 3 0 3
1 1 3 0 3
1 11 3 0 3
10 15 2 0 2
10 15 0 0 0
10 15 2 0 2
10 15 4 0 4
10 15 0 0 0
10 15 3 0 3
10 15 3 0 3
10 15 1 0 1
10 15 2 0 2
10 15 0 0 0
10 15 1 0 1
10 15 1 0 1
10 15 2 0 2
3 3 4 0 4
3 3 4 0 4
3 3 4 0 4
3 3 4 0 4
3 3 4 0 4
3 3 4 0 4
3 3 0 0 0
3 3 4 0 4
3 3 4 0 4
3 3 4 0 4
3 3 0 0 0
3 3 0 0 0
3 3 1 0 1
3 3 1 0 1
3 3 1 0 1
3 3 1 0 1
3 3 1 0 1
3 3 0 0 0
3 3 1 0 1
3 3 1 0 1
1 11 1 0 1
10 15 4 0 4
3 3 0 0 0
3 3 1 0 1
3 3 4 0 4
8 9 16 0 16
4 8 1 0 1
2 9 1 0 1
10 15 4 0 4
1 11 0 0 0
3 3 1 0 1
3 3 1 0 1
3 3 0 0 0
3 3 1 0 1
3 3 0 0 0
3 3 3 0 3
3 3 0 0 0
3 3 0 0 0
3 3 0 0 0
3 3 1 0 1
3 3 1 0 1
3 3 1 0 1
3 3 0 0 0
3 3 1 0 1
3 3 1 0 1
3 3 0 0 0
3 3 1 0 1
3 3 0 0 0
3 3 1 0 1
3 3 0 0 0
3 3 1 0 1
3 3 1 0 1
3 3 0 0 0
3 3 1 0 1
3 3 4 0 4
3 3 1 0 1
3 3 1 0 1
3 3 0 0 0
3 3 1 0 1
3 3 0 0 0
5 5 1 0 1
10 15 1 0 1
1 11 3 0 3
12 13 5 0 5
4 4 5 0 5
4 8 6 0 6
9 14 5 0 5
13 39 10 0 10
3 3 5 0 5
4 4 5 0 5
5 5 5 0 5
3 3 5 0 5
3 3 5 0 5
3 3 5 0 5
13 40 5 0 5
4 13 5 0 5
8 13 5 0 5
4 13 5 0 5
4 4 5 0 5
8 13 5 0 5
8 9 5 0 5
4 8 5 0 5
4 13 5 0 5
4 13 5 0 5
8 13 5 0 5
1 11 5 0 5
5 5 5 0 5
1 11 5 0 5
5 5 5 0 5
7 12 10 0 10
15 13 6 0 6
3 3 5 0 5
4 8 7 0 7
4 4 7 0 7
4 13 7 0 7
4 4 7 0 7
4 13 7 0 7
4 13 7 0 7
4 8 7 0 7
4 13 7 0 7
4 4 7 0 7
4 7 7 0 7
3 22 8 1 8
1 10 8 0 8
1 10 8 0 8
17 36 15 1 15
6 41 9 0 9
18 10 15 0 15
3 3 8 0 8
8 13 15 0 15
19 7 9 0 9
1 13 8 0 8
4 7 15 0 15
10 42 8 0 8
3 21 8 0 8
1 1 8 0 8
10 20 8 0 8
10 20 8 0 8
10 20 8 0 8
10 20 8 0 8
10 20 8 0 8
10 20 8 0 8
10 20 8 0 8
1 1 8 0 8
3 21 8 0 8
10 20 8 0 8
10 20 8 0 8
10 20 8 0 8
1 1 8 0 8
1 1 8 0 8
3 3 8 0 8
1 1 8 0 8
13 43 15 1 15
3 3 8 0 8
3 3 8 0 8
3 44 8 0 8
4 4 8 0 8
1 1 8 0 8
1 1 8 0 8
1 1 8 0 8
1 1 8 0 8
4 8 7 0 7
4 13 7 0 7
4 13 7 0 7
4 13 7 0 7
4 13 7 0 7
8 13 7 0 7
4 4 7 0 7
4 8 7 0 7
4 8 7 0 7
4 8 7 0 7
4 7 7 0 7
4 4 7 0 7
4 4 7 0 7
4 8 7 0 7
1 1 3 0 3
1 10 4 0 4
10 45 1 0 1
1 10 0 0 0
3 3 1 0 1
4 8 1 0 1
4 4 1 0 1
2 2 2 0 2
1 1 2 0 2
3 3 4 0 4
1 1 2 0 2
1 1 2 0 2
1 1 0 0 0
1 1 2 0 2
1 1 3 0 3
3 3 2 0 2
1 1 4 0 4
10 15 4 0 4
3 46 1 0 1
10 47 0 0 0
3 3 1 0 1
3 3 4 0 4
3 3 1 0 1
3 3 2 0 2
3 3 1 0 1
3 3 1 0 1
1 1 8 0 8
1 1 8 0 8
1 1 8 0 8
1 1 8 0 8
1 1 8 0 8
1 1 8 0 8
1 1 8 0 8
1 1 8 0 8
1 1 8 0 8
1 1 8 0 8
9 14 8 0 8
1 1 8 0 8
1 1 8 0 8
3 21 8 0 8
3 21 8 0 8
3 21 8 0 8
3 21 8 0 8
10 20 8 0 8
10 20 8 0 8
1 1 8 0 8
4 7 8 0 8
1 1 8 0 8
3 3 8 0 8
4 8 8 0 8
1 1 8 0 8
4 4 8 0 8
4 4 8 0 8
4 8 8 0 8
4 7 8 0 8
3 3 8 0 8
1 1 8 0 8
1 1 8 0 8
1 1 8 0 8
1 1 8 0 8
1 1 8 0 8
1 13 8 0 8
1 1 8 0 8
1 1 8 0 8
1 1 8 0 8
1 1 8 0 8
6 48 15 0 15
10 15 8 0 8
4 7 8 0 8
4 7 8 0 8
4 4 15 0 15
4 8 8 0 8
4 4 15 0 15
19 7 15 0 15
10 15 8 0 8
10 15 8 0 8
4 8 8 0 8
20 7 8 0 8
1 11 8 0 8
1 11 8 0 8
5 5 8 0 8
8 13 15 0 15
1 11 8 0 8
1 11 8 0 8
1 11 8 0 8
1 11 8 0 8
5 5 8 0 8
5 5 8 0 8
5 5 8 0 8
5 5 8 0 8
4 7 8 0 8
4 8 8 0 8
4 4 8 0 8
10 15 8 0 8
4 4 8 0 8
10 15 8 0 8
3 3 8 0 8
10 15 8 0 8
4 12 17 0 17
4 13 8 0 8
4 13 8 0 8
3 3 8 0 8
8 13 8 0 8
21 13 15 0 15
4 13 8 0 8
8 13 8 0 8
8 13 8 0 8
7 7 9 0 9
13 49 6 0 6
4 4 5 0 5
9 14 5 0 5
4 7 5 0 5
3 3 5 0 5
4 8 5 0 5
4 4 5 0 5
4 7 5 0 5
13 40 10 0 10
4 4 5 0 5
4 4 5 0 5
4 4 5 0 5
4 7 6 0 6
4 4 5 0 5
8 13 5 0 5
3 3 0 0 0
3 3 1 0 1
3 3 4 0 4
3 3 0 0 0
3 3 1 0 1
3 3 1 0 1
3 3 0 0 0
3 3 4 0 4
3 3 1 0 1
3 3 0 0 0
3 3 1 0 1
3 3 0 0 0
1 11 3 0 3
3 3 1 0 1
5 5 1 0 1
1 11 1 0 1
5 5 0 0 0
1 11 3 0 3
1 11 3 0 3
1 11 3 0 3
5 5 1 0 1
5 5 0 0 0
5 5 3 0 3
1 11 1 0 1
5 5 1 0 1
1 11 3 0 3
1 11 4 0 4
5 5 4 0 4
5 5 4 0 4
1 11 4 0 4
5 5 0 0 0
5 5 3 0 3
5 5 4 0 4
8 34 15 0 15
3 25 0 0 0
4 8 1 0 1
4 8 1 0 1
3 3 3 0 3
8 9 0 0 0
1 1 1 0 1
1 1 3 0 3
1 1 1 0 1
4 4 1 0 1
3 3 0 0 0
3 3 0 0 0
4 4 1 0 1
3 25 4 0 4
3 3 1 0 1
1 11 3 0 3
10 15 1 0 1
10 15 0 0 0
1 1 3 0 3
22 50 1 0 1
3 3 0 0 0
2 9 3 0 3
8 13 1 0 1
3 3 4 0 4
3 3 4 0 4
3 3 0 0 0
3 3 1 0 1
3 3 0 0 0
8 13 0 0 0
1 11 2 0 2
8 9 11 0 11
3 3 1 0 1
3 3 0 0 0
3 3 4 0 4
3 3 4 0 4
3 3 0 0 0
3 3 4 0 4
23 51 15 0 15
17 52 15 0 15
4 4 9 0 9
15 53 15 0 15
8 9 18 0 18
8 9 19 0 19
3 3 8 0 8
13 54 15 1 15
3 3 0 0 0
3 55 2 0 2
10 56 4 0 4
10 57 2 0 2
3 3 1 0 1
1 11 1 0 1
3 3 0 0 0
10 15 4 0 4
1 1 2 0 2
1 1 4 0 4
3 21 0 0 0
3 21 0 0 0
3 21 1 0 1
3 21 0 0 0
3 22 0 1 0
3 21 0 0 0
3 22 1 1 1
3 21 4 0 4
1 1 0 0 0
1 1 2 0 2
1 1 0 0 0
1 1 3 0 3
1 1 4 0 4
1 1 4 0 4
3 21 1 0 1
3 21 1 0 1
3 21 2 0 2
3 21 0 0 0
3 21 4 0 4
3 21 1 0 1
3 21 2 0 2
10 15 0 0 0
1 11 1 0 1
1 11 3 0 3
1 11 2 0 2
1 11 3 0 3
1 11 3 0 3
1 11 1 0 1
1 11 1 0 1
1 11 3 0 3
1 11 1 0 1
3 3 1 0 1
3 21 0 0 0
3 21 4 0 4
3 21 2 0 2
3 21 1 0 1
3 21 2 0 2
3 21 4 0 4
3 21 4 0 4
3 3 3 0 3
3 3 2 0 2
3 25 4 0 4
1 1 1 0 1
1 1 3 0 3
1 1 1 0 1
3 3 1 0 1
8 13 2 0 2
4 4 1 0 1
1 1 0 0 0
1 1 0 0 0
1 1 3 0 3
11 23 1 0 1
11 23 0 0 0
11 23 0 0 0
5 5 4 0 4
1 1 1 0 1
1 1 3 0 3
4 13 1 0 1
3 3 1 0 1
3 3 1 0 1
3 3 4 0 4
3 3 0 0 0
3 3 4 0 4
1 1 3 0 3
1 1 0 0 0
1 1 4 0 4
8 9 13 0 13
4 4 1 0 1
1 1 1 0 1
10 15 1 0 1
10 15 0 0 0
10 15 4 0 4
4 8 1 0 1
4 7 1 0 1
8 13 4 0 4
1 1 3 0 3
1 1 1 0 1
1 1 3 0 3
3 3 2 0 2
3 3 3 0 3
3 3 2 0 2
3 3 1 0 1
3 3 2 0 2
3 3 1 0 1
3 58 0 0 0
1 1 2 0 2
3 3 1 0 1
1 1 1 0 1
1 1 3 0 3
1 1 3 0 3
3 21 0 0 0
3 21 2 0 2
10 15 1 0 1
10 15 1 0 1
11 23 4 0 4
1 1 3 0 3
3 3 4 0 4
10 15 1 0 1
3 3 2 0 2
11 23 0 0 0
1 1 3 0 3
4 4 1 0 1
4 4 1 0 1
1 11 3 0 3
3 22 0 1 0
3 21 0 0 0
3 21 0 0 0
3 21 2 0 2
3 21 4 0 4
1 1 3 0 3
3 21 0 0 0
3 21 1 0 1
3 21 1 0 1
3 21 2 0 2
8 9 14 0 14
8 13 3 0 3
2 9 0 0 0
8 13 4 0 4
8 9 12 0 12
8 9 16 0 16
5 5 2 0 2
1 11 3 0 3
5 5 3 0 3
1 11 1 0 1
1 11 1 0 1
1 11 0 0 0
20 7 11 0 11
18 7 3 0 3
5 5 0 0 0
5 5 3 0 3
1 11 3 0 3
5 5 3 0 3
5 5 2 0 2
5 5 3 0 3
5 5 4 0 4
1 11 3 0 3
5 5 1 0 1
1 11 4 0 4
1 11 3 0 3
24 7 0 0 0
5 5 1 0 1
5 5 3 0 3
5 5 3 0 3
5 5 3 0 3
5 5 0 0 0
5 5 2 0 2
5 5 3 0 3
5 5 1 0 1
5 5 0 0 0
2 2 2 0 2
13 49 9 0 9
3 3 1 0 1
3 3 1 0 1
3 3 4 0 4
3 3 0 0 0
3 3 0 0 0
3 3 4 0 4
3 3 1 0 1
3 3 4 0 4
3 3 4 0 4
3 3 0 0 0
3 3 4 0 4
3 3 1 0 1
3 3 0 0 0
3 3 1 0 1
3 3 1 0 1
3 3 0 0 0
3 3 1 0 1
3 3 1 0 1
3 3 1 0 1
3 3 4 0 4
3 3 4 0 4
3 3 0 0 0
3 3 4 0 4
8 9 0 0 0
2 9 2 0 2
8 13 3 0 3
1 11 2 0 2
3 3 4 0 4
8 13 1 0 1
1 11 3 0 3
1 11 1 0 1
1 1 1 0 1
1 1 1 0 1
1 1 3 0 3
4 4 1 0 1
3 3 0 0 0
3 3 0 0 0
3 3 4 0 4
10 15 2 0 2
4 4 1 0 1
3 3 0 0 0
3 3 2 0 2
1 1 2 0 2
3 3 2 0 2
8 9 13 0 13
3 25 4 0 4
1 11 3 0 3
20 7 20 0 20
4 7 1 0 1
4 8 1 0 1
10 15 0 0 0
10 15 0 0 0
10 15 4 0 4
10 15 4 0 4
10 15 4 0 4
4 4 1 0 1
1 11 0 0 0
3 3 0 0 0
3 3 4 0 4
3 3 0 0 0
3 3 1 0 1
3 3 0 0 0
3 3 4 0 4
3 3 1 0 1
3 3 1 0 1
3 3 0 0 0
3 3 4 0 4
3 3 4 0 4
1 11 0 0 0
3 3 4 0 4
4 4 8 0 8
24 59 8 0 8
9 14 8 0 8
1 11 8 0 8
10 15 8 0 8
1 11 8 0 8
13 49 8 0 8
17 60 9 0 9
4 8 9 0 9
17 60 9 0 9
3 3 8 0 8
1 1 8 0 8
10 20 8 0 8
3 3 8 0 8
1 1 8 0 8
1 1 8 0 8
4 4 8 0 8
4 7 8 0 8
5 5 8 0 8
1 11 8 0 8
3 3 1 0 1
3 3 0 0 0
3 3 0 0 0
3 3 1 0 1
3 3 0 0 0
3 3 0 0 0
3 3 4 0 4
3 3 4 0 4
3 3 1 0 1
3 3 0 0 0
3 3 4 0 4
3 3 1 0 1
3 3 4 0 4
3 3 0 0 0
4 8 1 0 1
8 13 4 0 4
1 11 2 0 2
3 3 1 0 1
3 3 0 0 0
5 5 3 0 3
3 3 4 0 4
3 3 4 0 4
3 3 1 0 1
3 3 4 0 4
3 3 0 0 0
3 3 1 0 1
3 3 1 0 1
3 3 1 0 1
3 3 2 0 2
3 3 4 0 4
3 3 4 0 4
6 9 9 0 9
13 49 8 0 8
4 13 8 0 8
7 12 9 0 9
5 5 5 0 5
4 13 5 0 5
1 11 5 0 5
4 13 5 0 5
15 13 6 0 6
4 7 5 0 5
6 13 10 0 10
3 3 5 0 5
4 4 5 0 5
5 5 5 0 5
4 7 5 0 5
4 7 5 0 5
8 12 5 0 5
4 7 7 0 7
4 13 7 0 7
4 7 7 0 7
4 13 7 0 7
4 13 7 0 7
4 8 7 0 7
4 13 7 0 7
4 13 7 0 7
3 21 1 0 1
3 21 4 0 4
3 21 4 0 4
10 61 4 0 4
3 3 8 0 8
13 62 15 0 15
18 63 15 0 15
18 63 15 0 15
6 12 15 0 15
18 63 15 0 15
18 63 15 0 15
13 49 21 0 21
18 13 15 1 15
8 34 15 0 15
4 36 17 1 17
6 13 9 0 9
13 64 15 1 15
25 10 9 0 9
8 65 15 0 15
15 13 15 1 15
6 41 15 0 15
14 22 5 1 5
10 20 8 0 8
1 1 8 0 8
1 1 8 0 8
1 1 8 0 8
4 4 9 0 9
1 1 8 0 8
3 21 8 0 8
3 21 8 0 8
3 21 8 0 8
4 7 15 0 15
1 1 8 0 8
1 1 8 0 8
10 20 8 0 8
17 13 15 0 15
10 20 8 0 8
4 13 8 0 8
1 1 8 0 8
1 1 8 0 8
1 1 8 0 8
1 1 8 0 8
1 1 8 0 8
1 1 8 0 8
1 1 8 0 8
1 11 8 0 8
3 3 8 0 8
4 4 8 0 8
1 1 8 0 8
4 4 8 0 8
4 7 8 0 8
1 1 8 0 8
3 3 8 0 8
1 1 8 0 8
1 1 8 0 8
10 15 8 0 8
4 4 8 0 8
4 7 8 0 8
26 7 8 0 8
21 13 15 0 15
5 5 8 0 8
4 13 8 0 8
1 11 8 0 8
1 11 8 0 8
1 1 1 0 1
1 1 2 0 2
1 1 4 0 4
10 66 2 0 2
3 21 2 0 2
3 21 1 0 1
3 21 2 0 2
1 10 0 0 0
3 3 4 0 4
10 66 2 0 2
10 15 4 0 4
10 15 0 0 0
11 23 4 0 4
11 23 0 0 0
3 21 1 0 1
3 21 0 0 0
3 21 2 0 2
4 13 1 0 1
3 21 0 0 0
3 21 1 0 1
3 21 2 0 2
11 23 0 0 0
8 13 2 0 2
3 3 4 0 4
3 25 3 0 3
4 13 1 0 1
4 8 1 0 1
14 22 4 1 4
3 3 3 0 3
3 3 1 0 1
3 25 4 0 4
3 25 2 0 2
3 3 0 0 0
2 9 1 0 1
5 5 0 0 0
4 13 1 0 1
10 15 0 0 0
3 3 4 0 4
3 3 1 0 1
4 7 1 0 1
4 8 1 0 1
1 11 2 0 2
1 11 2 0 2
4 13 1 0 1
4 13 1 0 1
5 5 2 0 2
1 11 3 0 3
1 11 0 0 0
1 11 0 0 0
5 5 3 0 3
1 11 1 0 1
1 11 0 0 0
5 5 2 0 2
5 5 2 0 2
5 5 4 0 4
5 5 3 0 3
3 21 2 0 2
17 67 15 0 15
8 34 15 0 15
8 68 15 0 15
6 13 15 0 15
7 36 15 1 15
4 36 22 0 22
8 9 19 0 19
7 22 6 1 6
1 1 8 0 8
10 20 8 0 8
10 20 8 0 8
5 5 0 0 0
1 11 3 0 3
5 5 1 0 1
5 5 4 0 4
13 22 15 1 15
8 9 8 0 8
6 22 9 1 9
3 3 8 0 8
3 3 8 0 8
1 1 8 0 8
1 1 8 0 8
3 3 5 0 5
3 3 0 0 0
10 69 4 0 4
3 22 2 1 2
3 3 0 0 0
3 22 4 1 4
11 23 1 0 1
1 1 3 0 3
1 1 4 0 4
3 3 2 0 2
3 3 1 0 1
3 3 1 0 1
8 13 4 0 4
1 11 1 0 1
6 12 15 0 15
6 9 9 0 9
13 49 15 1 15
3 3 3 0 3
1 1 4 0 4
4 8 1 0 1
1 1 4 0 4
1 1 1 0 1
22 50 0 0 0
10 15 0 0 0
9 14 1 0 1
10 15 0 0 0
3 3 1 0 1
3 3 0 0 0
3 3 0 0 0
3 3 0 0 0
3 3 4 0 4
3 3 0 0 0
3 3 1 0 1
3 3 0 0 0
4 13 1 0 1
3 3 4 0 4
3 3 4 0 4
4 4 1 0 1
3 3 0 0 0
3 3 0 0 0
3 3 0 0 0
3 21 1 0 1
8 13 3 0 3
1 11 3 0 3
4 36 22 1 22
3 3 5 0 5
20 7 5 0 5
3 3 5 0 5
4 7 5 0 5
4 4 5 0 5
15 70 6 1 6
5 5 5 0 5
4 7 7 0 7
8 9 7 0 7
4 13 7 0 7
4 13 7 0 7
13 71 1 1 1
4 4 1 0 1
3 3 3 0 3
3 3 2 0 2
4 4 1 0 1
1 10 3 0 3
3 21 0 0 0
3 3 0 0 0
1 1 3 0 3
1 1 1 0 1
1 1 1 0 1
1 1 0 0 0
8 9 0 0 0
3 3 0 0 0
3 3 1 0 1
3 3 4 0 4
3 3 0 0 0
3 3 4 0 4
3 3 0 0 0
3 3 4 0 4
3 3 0 0 0
3 3 1 0 1
3 3 4 0 4
3 3 0 0 0
3 3 0 0 0
3 3 1 0 1
3 3 1 0 1
3 3 0 0 0
3 3 1 0 1
3 3 1 0 1
3 3 0 0 0
3 3 4 0 4
3 3 0 0 0
10 15 1 0 1
4 7 1 0 1
3 3 0 0 0
3 3 4 0 4
3 3 1 0 1
3 3 0 0 0
3 3 1 0 1
3 3 0 0 0
5 5 4 0 4
1 11 8 0 8
19 7 15 0 15
3 3 8 0 8
3 3 8 0 8
3 3 8 0 8
4 13 8 0 8
1 1 8 0 8
1 1 8 0 8
1 1 8 0 8
3 3 8 0 8
10 15 8 0 8
1 11 8 0 8
4 4 8 0 8
4 8 8 0 8
1 1 8 0 8
1 1 8 0 8
4 7 8 0 8
4 4 8 0 8
1 1 8 0 8
1 11 8 0 8
1 11 8 0 8
8 13 8 0 8
17 72 9 0 9
1 11 8 0 8
1 11 8 0 8
1 11 8 0 8
1 11 8 0 8
1 11 8 0 8
5 5 8 0 8
1 11 8 0 8
6 73 9 0 9
5 5 8 0 8
27 12 9 0 9
13 49 5 1 5
4 8 5 0 5
3 3 5 0 5
3 3 5 0 5
1 11 5 0 5
4 8 5 0 5
4 8 5 0 5
2 9 5 0 5
13 74 5 0 5
4 4 5 0 5
4 4 5 0 5
4 13 5 0 5
4 4 5 0 5
4 4 5 0 5
9 14 5 0 5
3 3 5 0 5
3 3 5 0 5
13 75 10 1 10
3 3 5 0 5
4 7 5 0 5
3 3 5 0 5
3 3 5 0 5
3 3 5 0 5
22 50 5 0 5
5 5 5 0 5
4 13 5 0 5
5 5 5 0 5
5 5 5 0 5
17 13 10 0 10
4 7 7 0 7
4 13 7 0 7
4 13 7 0 7
4 13 7 0 7
4 7 7 0 7
4 4 7 0 7
4 8 7 0 7
4 8 7 0 7
4 8 7 0 7
4 7 7 0 7
4 7 7 0 7
4 8 7 0 7
4 4 7 0 7
3 21 0 0 0
1 1 0 0 0
10 76 2 0 2
3 22 1 1 1
3 21 2 0 2
3 21 4 0 4
3 3 0 0 0
3 21 2 0 2
3 3 4 0 4
3 21 4 0 4
3 21 1 0 1
3 21 0 0 0
3 22 0 1 0
1 10 4 0 4
3 21 4 0 4
3 21 1 0 1
3 77 4 0 4
3 21 2 0 2
3 3 3 0 3
10 78 0 0 0
3 79 4 0 4
3 80 2 0 2
10 15 0 0 0
1 1 0 0 0
1 1 4 0 4
1 1 3 0 3
3 21 4 0 4
3 3 1 0 1
3 21 2 0 2
3 21 2 0 2
3 3 0 0 0
3 21 4 0 4
3 21 0 0 0
1 1 0 0 0
3 3 4 0 4
10 66 0 0 0
3 3 2 0 2
3 3 4 0 4
11 23 4 0 4
10 15 2 0 2
10 15 0 0 0
10 15 2 0 2
11 23 1 0 1
10 15 1 0 1
10 66 0 0 0
10 20 0 0 0
3 3 0 0 0
11 23 0 0 0
11 23 1 0 1
4 4 1 0 1
3 3 2 0 2
4 8 1 0 1
3 3 2 0 2
3 3 1 0 1
4 8 1 0 1
3 25 0 0 0
8 13 3 0 3
10 66 1 0 1
8 13 1 0 1
10 15 0 0 0
1 1 3 0 3
1 1 0 0 0
4 8 1 0 1
3 3 4 0 4
4 4 1 0 1
1 11 3 0 3
4 7 1 0 1
8 9 13 0 13
26 81 0 0 0
5 5 0 0 0
4 13 1 0 1
5 5 1 0 1
1 11 4 0 4
2 13 4 0 4
5 5 3 0 3
5 5 3 0 3
5 5 4 0 4
5 5 1 0 1
5 5 3 0 3
5 5 2 0 2
3 22 0 1 0
3 21 1 0 1
6 35 9 0 9
18 63 15 0 15
17 52 21 0 21
28 82 15 0 15
14 13 15 0 15
3 22 8 1 8
8 9 8 0 8
8 9 19 0 19
6 12 15 0 15
1 1 8 0 8
3 3 8 0 8
10 83 8 0 8
10 20 8 0 8
10 20 8 0 8
10 20 8 0 8
3 3 8 0 8
4 7 8 0 8
4 4 8 0 8
3 3 8 0 8
1 1 8 0 8
3 3 8 0 8
18 63 15 1 15
1 1 8 0 8
4 8 9 0 9
13 84 15 0 15
17 85 15 0 15
3 21 8 0 8
14 13 15 0 15
10 15 8 0 8
10 15 8 0 8
3 21 8 0 8
3 21 8 0 8
4 4 8 0 8
1 1 8 0 8
10 20 8 0 8
10 15 8 0 8
3 21 8 0 8
1 1 8 0 8
10 15 8 0 8
1 1 8 0 8
1 1 8 0 8
3 3 4 0 4
3 3 0 0 0
3 3 1 0 1
3 3 0 0 0
3 3 1 0 1
3 3 1 0 1
3 3 0 0 0
3 3 4 0 4
3 3 4 0 4
4 4 1 0 1
8 13 3 0 3
3 3 1 0 1
6 7 20 0 20
1 11 1 0 1
6 7 3 0 3
6 7 1 0 1
8 9 16 0 16
6 7 0 0 0
4 13 1 0 1
1 11 1 0 1
5 5 0 0 0
5 5 0 0 0
24 7 20 0 20
1 11 2 0 2
1 11 4 0 4
5 5 2 0 2
26 81 1 0 1
5 5 0 0 0
5 5 3 0 3
1 11 4 0 4
1 11 3 0 3
1 11 4 0 4
4 4 1 0 1
10 15 2 0 2
8 9 0 0 0
3 3 4 0 4
3 3 4 0 4
3 3 0 0 0
3 3 4 0 4
3 3 0 0 0
3 3 4 0 4
3 3 1 0 1
3 3 0 0 0
3 3 1 0 1
3 3 4 0 4
3 3 4 0 4
3 3 0 0 0
3 3 4 0 4
3 3 0 0 0
3 3 4 0 4
3 3 0 0 0
3 3 4 0 4
3 3 0 0 0
3 3 4 0 4
3 3 4 0 4
3 3 0 0 0
3 3 1 0 1
3 3 1 0 1
8 13 0 0 0
1 11 0 0 0
4 4 1 0 1
8 13 0 0 0
8 13 2 0 2
10 20 8 0 8
10 20 8 0 8
4 4 8 0 8
3 3 8 0 8
1 1 8 0 8
4 4 8 0 8
1 1 8 0 8
4 4 8 0 8
3 86 8 0 8
1 1 8 0 8
4 87 15 0 15
3 3 8 0 8
6 41 9 0 9
4 8 8 0 8
3 21 8 0 8
4 4 8 0 8
3 21 8 0 8
3 88 8 0 8
1 1 8 0 8
3 3 8 0 8
3 3 8 0 8
1 1 8 0 8
1 1 8 0 8
1 1 8 0 8
1 1 8 0 8
1 1 8 0 8
1 10 4 0 4
3 21 2 0 2
3 3 1 0 1
3 21 0 0 0
3 21 1 0 1
3 21 0 0 0
3 21 2 0 2
3 21 2 0 2
10 89 0 0 0
10 90 4 0 4
3 3 2 0 2
1 1 2 0 2
1 1 4 0 4
1 1 4 0 4
1 1 4 0 4
3 3 3 0 3
3 3 1 0 1
3 3 0 0 0
3 3 3 0 3
3 3 4 0 4
10 66 1 0 1
10 66 0 0 0
1 10 0 0 0
3 21 0 0 0
3 3 1 0 1
10 91 1 0 1
3 21 0 0 0
3 21 4 0 4
3 22 0 1 0
3 3 0 0 0
3 25 3 0 3
10 15 0 0 0
4 4 1 0 1
10 15 2 0 2
1 1 8 0 8
1 1 8 0 8
1 1 8 0 8
3 3 8 0 8
3 3 8 0 8
3 3 8 0 8
3 3 8 0 8
1 1 8 0 8
1 1 8 0 8
1 1 8 0 8
10 15 8 0 8
4 13 8 0 8
3 3 8 0 8
4 4 8 0 8
6 7 15 0 15
4 7 8 0 8
1 1 8 0 8
10 15 8 0 8
10 15 8 0 8
4 4 8 0 8
10 15 8 0 8
1 11 8 0 8
10 15 8 0 8
1 11 8 0 8
1 11 8 0 8
2 9 8 0 8
1 11 8 0 8
3 3 8 0 8
8 13 8 0 8
20 7 8 0 8
1 11 8 0 8
4 13 8 0 8
5 5 8 0 8
5 5 8 0 8
1 11 8 0 8
26 81 8 0 8
5 5 8 0 8
5 5 8 0 8
4 4 1 0 1
10 15 3 0 3
3 92 1 0 1
10 93 2 0 2
11 23 1 0 1
11 23 1 0 1
3 3 4 0 4
11 23 1 0 1
3 3 3 0 3
11 23 1 0 1
4 13 1 0 1
3 25 0 0 0
1 1 2 0 2
1 1 2 0 2
10 66 1 0 1
1 1 2 0 2
1 1 2 0 2
1 1 4 0 4
3 3 1 0 1
10 66 1 0 1
8 9 11 0 11
1 1 3 0 3
8 13 4 0 4
1 11 1 0 1
3 3 4 0 4
3 3 0 0 0
1 1 0 0 0
3 25 0 0 0
3 3 1 0 1
3 3 0 0 0
10 15 2 0 2
10 15 1 0 1
2 9 2 0 2
3 3 3 0 3
3 3 1 0 1
10 15 3 0 3
4 8 1 0 1
7 7 9 0 9
7 7 9 0 9
4 8 6 0 6
4 8 6 0 6
3 3 5 0 5
3 3 5 0 5
17 13 10 0 10
4 13 5 0 5
3 3 5 0 5
3 3 5 0 5
9 14 5 0 5
3 3 5 0 5
9 14 5 0 5
4 7 5 0 5
4 7 5 0 5
4 8 5 0 5
4 4 5 0 5
4 13 5 0 5
8 9 5 0 5
1 11 5 0 5
1 11 5 0 5
8 9 5 0 5
6 7 5 0 5
24 7 5 0 5
5 5 5 0 5
5 5 5 0 5
8 9 5 0 5
4 4 5 0 5
3 3 5 0 5
4 4 5 0 5
4 8 5 0 5
4 4 7 0 7
9 14 7 0 7
4 4 7 0 7
4 13 7 0 7
4 7 7 0 7
4 13 7 0 7
4 4 7 0 7
3 3 4 0 4
3 3 4 0 4
8 13 4 0 4
1 1 0 0 0
3 3 1 0 1
3 3 0 0 0
3 3 0 0 0
1 1 4 0 4
1 11 0 0 0
8 13 0 0 0
1 11 0 0 0
1 1 3 0 3
1 11 0 0 0
4 7 1 0 1
1 1 0 0 0
1 1 0 0 0
1 11 0 0 0
5 5 2 0 2
1 11 3 0 3
5 5 3 0 3
1 11 3 0 3
5 5 0 0 0
1 1 3 0 3
1 1 4 0 4
1 1 4 0 4
5 5 3 0 3
5 5 2 0 2
4 13 1 0 1
1 11 2 0 2
5 5 2 0 2
1 11 1 0 1
4 8 7 0 7
9 14 7 0 7
4 13 7 0 7
4 8 7 0 7
4 7 7 0 7
4 13 7 0 7
4 7 7 0 7
4 4 7 0 7
1 10 1 0 1
3 21 4 0 4
3 21 2 0 2
3 3 3 0 3
3 21 1 0 1
1 10 1 0 1
1 10 1 0 1
3 21 4 0 4
3 3 4 0 4
1 10 0 0 0
1 10 2 0 2
1 10 2 0 2
3 3 0 0 0
1 11 0 0 0
3 21 2 0 2
3 22 2 1 2
3 21 4 0 4
1 1 2 0 2
6 36 9 1 9
20 36 15 1 15
8 9 15 0 15
10 20 8 0 8
4 8 9 0 9
1 1 8 0 8
10 15 8 0 8
3 3 8 0 8
3 3 8 0 8
1 1 8 0 8
10 20 8 0 8
3 3 8 0 8
3 21 8 0 8
10 15 8 0 8
1 11 8 0 8
3 21 8 0 8
10 15 8 0 8
3 21 8 0 8
3 94 8 0 8
10 20 8 0 8
9 14 8 0 8
4 8 8 0 8
3 3 8 0 8
4 4 8 0 8
10 15 8 0 8
10 15 8 0 8
1 1 8 0 8
1 1 8 0 8
1 1 8 0 8
4 4 8 0 8
29 95 15 0 15
3 3 8 0 8
10 15 2 0 2
10 15 0 0 0
8 9 14 0 14
8 13 0 0 0
3 3 4 0 4
3 3 0 0 0
3 3 1 0 1
3 3 1 0 1
3 3 0 0 0
3 3 4 0 4
3 3 4 0 4
3 3 4 0 4
3 3 1 0 1
3 3 0 0 0
3 3 4 0 4
3 3 1 0 1
3 3 0 0 0
3 3 4 0 4
3 3 1 0 1
3 3 0 0 0
3 3 4 0 4
3 3 1 0 1
3 3 0 0 0
3 3 4 0 4
3 3 1 0 1
5 5 0 0 0
10 15 0 0 0
4 8 1 0 1
3 3 1 0 1
3 3 4 0 4
3 3 0 0 0
3 3 1 0 1
1 11 3 0 3
5 5 0 0 0
5 5 2 0 2
24 7 0 0 0
5 5 0 0 0
2 13 4 0 4
5 5 0 0 0
5 5 4 0 4
5 5 4 0 4
5 5 0 0 0
1 11 2 0 2
3 3 0 0 0
3 3 4 0 4
13 96 15 0 15
13 97 15 1 15
3 3 8 0 8
4 8 8 0 8
1 1 8 0 8
1 1 8 0 8
4 8 8 0 8
10 15 8 0 8
8 13 8 0 8
4 4 8 0 8
4 13 8 0 8
5 5 8 0 8
1 11 8 0 8
1 1 8 0 8
4 13 8 0 8
1 11 8 0 8
1 11 8 0 8
5 5 8 0 8
24 59 8 0 8
24 59 8 0 8
1 11 8 0 8
1 11 8 0 8
5 5 8 0 8
1 11 8 0 8
5 5 8 0 8
2 13 8 0 8
8 13 9 0 9
7 7 9 0 9
7 12 9 0 9
4 4 5 0 5
4 4 6 0 6
3 3 5 0 5
4 4 5 0 5
4 4 5 0 5
4 8 6 0 6
4 7 6 0 6
13 98 10 0 10
3 3 5 0 5
3 3 5 0 5
4 4 8 0 8
1 1 8 0 8
10 15 8 0 8
4 4 8 0 8
1 1 8 0 8
26 12 15 0 15
10 15 8 0 8
4 4 8 0 8
1 1 8 0 8
1 1 8 0 8
1 1 8 0 8
1 1 8 0 8
1 1 8 0 8
10 15 8 0 8
1 1 8 0 8
13 49 8 0 8
1 1 8 0 8
4 13 8 0 8
1 11 8 0 8
1 11 8 0 8
1 11 8 0 8
1 1 8 0 8
1 11 8 0 8
1 11 8 0 8
4 13 8 0 8
8 13 8 0 8
1 11 8 0 8
5 5 8 0 8
7 12 9 0 9
7 7 9 0 9
4 8 5 0 5
3 3 5 0 5
4 13 5 0 5
4 12 5 0 5
4 13 5 0 5
1 11 5 0 5
5 5 5 0 5
1 1 8 0 8
10 15 8 0 8
4 13 15 0 15
4 13 22 0 22
3 21 8 0 8
3 3 8 0 8
3 3 8 0 8
1 1 8 0 8
10 20 8 0 8
10 20 8 0 8
10 20 8 0 8
10 20 8 0 8
10 20 8 0 8
1 1 8 0 8
1 11 8 0 8
3 21 8 0 8
1 1 8 0 8
1 1 8 0 8
1 1 8 0 8
10 20 8 0 8
4 4 8 0 8
10 15 8 0 8
3 3 8 0 8
10 15 8 0 8
1 1 8 0 8
1 1 8 0 8
1 1 8 0 8
1 1 8 0 8
1 1 8 0 8
1 1 8 0 8
1 1 8 0 8
1 1 8 0 8
4 13 8 0 8
3 3 8 0 8
1 1 8 0 8
10 15 8 0 8
4 13 8 0 8
4 8 8 0 8
1 1 8 0 8
16 7 15 0 15
1 1 8 0 8
4 4 8 0 8
10 15 8 0 8
4 8 8 0 8
1 1 8 0 8
1 1 8 0 8
1 1 8 0 8
4 8 8 0 8
4 8 8 0 8
1 1 8 0 8
1 1 8 0 8
3 3 8 0 8
1 1 8 0 8
1 1 8 0 8
1 1 8 0 8
3 21 1 0 1
3 99 4 0 4
10 15 1 0 1
10 15 1 0 1
10 15 1 0 1
10 15 1 0 1
11 23 4 0 4
11 23 4 0 4
11 23 4 0 4
1 1 0 0 0
11 23 1 0 1
3 3 4 0 4
1 1 4 0 4
3 3 0 0 0
3 3 3 0 3
3 21 2 0 2
4 4 1 0 1
3 3 4 0 4
1 1 4 0 4
3 3 3 0 3
1 1 4 0 4
4 8 1 0 1
3 3 0 0 0
3 3 1 0 1
1 1 0 0 0
1 1 0 0 0
3 3 1 0 1
3 3 1 0 1
3 3 4 0 4
3 3 1 0 1
1 1 4 0 4
1 1 0 0 0
2 9 4 0 4
3 3 0 0 0
4 4 1 0 1
1 1 0 0 0
2 9 2 0 2
8 13 2 0 2
8 13 2 0 2
1 1 4 0 4
3 3 4 0 4
3 3 4 0 4
13 49 5 0 5
8 9 5 0 5
5 5 5 0 5
4 13 5 0 5
1 11 5 0 5
4 4 6 0 6
5 5 5 0 5
4 8 5 0 5
4 7 6 0 6
3 3 5 0 5
9 14 5 0 5
3 3 5 0 5
3 3 5 0 5
3 3 5 0 5
4 4 5 0 5
4 4 5 0 5
4 7 7 0 7
4 13 7 0 7
4 8 7 0 7
4 4 7 0 7
4 8 7 0 7
4 4 7 0 7
9 14 7 0 7
4 13 7 0 7
4 13 7 0 7
8 9 7 0 7
4 13 7 0 7
8 13 7 0 7
1 10 1 0 1
1 1 0 0 0
3 21 0 0 0
3 21 4 0 4
4 7 1 0 1
3 3 4 0 4
3 3 1 0 1
1 1 1 0 1
1 10 2 0 2
3 22 4 1 4
3 3 1 0 1
3 21 0 0 0
3 21 4 0 4
3 21 2 0 2
3 3 3 0 3
3 3 2 0 2
3 21 4 0 4
1 10 1 0 1
1 10 1 0 1
3 21 4 0 4
1 10 2 0 2
1 10 2 0 2
1 10 2 0 2
1 1 2 0 2
1 1 1 0 1
1 1 4 0 4
1 1 0 0 0
1 1 0 0 0
1 1 3 0 3
4 13 1 0 1
10 15 1 0 1
1 1 4 0 4
3 21 1 0 1
3 3 4 0 4
3 3 0 0 0
3 3 4 0 4
3 3 4 0 4
3 3 4 0 4
8 13 3 0 3
1 11 1 0 1
1 1 3 0 3
1 1 4 0 4
8 9 13 0 13
1 1 2 0 2
5 5 1 0 1
4 13 1 0 1
1 11 1 0 1
1 11 1 0 1
5 5 2 0 2
1 1 4 0 4
1 11 2 0 2
4 13 1 0 1
1 11 2 0 2
1 11 4 0 4
5 5 1 0 1
1 11 3 0 3
5 5 3 0 3
1 11 1 0 1
5 5 2 0 2
5 5 2 0 2
5 5 4 0 4
5 5 3 0 3
5 5 4 0 4
1 1 1 0 1
3 22 0 1 0
3 3 2 0 2
15 13 15 1 15
4 13 5 0 5
3 3 5 0 5
3 3 5 0 5
3 3 5 0 5
4 8 5 0 5
4 4 5 0 5
1 11 5 0 5
4 8 5 0 5
4 4 5 0 5
2 9 5 0 5
4 4 5 0 5
1 11 5 0 5
8 13 5 0 5
4 13 5 0 5
8 9 5 0 5
5 5 5 0 5
5 5 5 0 5
1 11 5 0 5
5 5 5 0 5
5 5 5 0 5
5 5 5 0 5
5 5 5 0 5
7 7 10 0 10
3 3 5 0 5
4 4 7 0 7
4 13 7 0 7
4 13 7 0 7
4 4 7 0 7
8 9 7 0 7
4 13 7 0 7
4 13 7 0 7
30 100 15 0 15
17 13 15 0 15
15 13 15 1 15
6 48 15 0 15
15 13 15 1 15
18 63 15 0 15
3 22 8 1 8
3 22 8 1 8
8 9 19 0 19
8 9 8 0 8
8 34 15 0 15
1 1 8 0 8
10 15 8 0 8
3 21 8 0 8
3 3 8 0 8
3 21 8 0 8
3 21 8 0 8
3 3 0 0 0
3 3 0 0 0
3 3 1 0 1
10 15 1 0 1
1 1 0 0 0
10 15 4 0 4
10 15 4 0 4
3 3 0 0 0
3 3 4 0 4
3 3 0 0 0
3 3 4 0 4
3 3 1 0 1
3 3 0 0 0
3 3 1 0 1
3 3 1 0 1
3 3 0 0 0
3 3 4 0 4
3 3 0 0 0
3 3 4 0 4
3 3 0 0 0
3 3 4 0 4
3 3 1 0 1
3 3 0 0 0
3 3 4 0 4
3 3 0 0 0
3 3 1 0 1
8 9 12 0 12
10 15 1 0 1
1 1 2 0 2
3 3 0 0 0
1 1 3 0 3
3 3 4 0 4
3 3 2 0 2
17 101 2 0 2
17 101 2 0 2
3 3 4 0 4
1 1 1 0 1
3 21 4 0 4
3 21 4 0 4
10 15 2 0 2
3 21 2 0 2
10 15 1 0 1
10 15 1 0 1
10 15 1 0 1
1 1 2 0 2
17 101 0 0 0
3 25 1 0 1
1 1 3 0 3
11 23 0 0 0
11 23 4 0 4
11 23 4 0 4
10 15 4 0 4
10 15 2 0 2
10 15 2 0 2
11 23 1 0 1
9 14 1 0 1
3 3 3 0 3
1 1 3 0 3
4 4 1 0 1
10 15 0 0 0
10 15 3 0 3
4 4 1 0 1
8 13 1 0 1
10 15 4 0 4
10 20 3 0 3
1 1 4 0 4
10 15 4 0 4
1 1 1 0 1
3 3 3 0 3
3 3 2 0 2
3 3 1 0 1
3 25 4 0 4
17 101 4 0 4
4 13 1 0 1
3 3 2 0 2
10 15 0 0 0
4 8 1 0 1
1 1 4 0 4
17 101 4 0 4
3 3 4 0 4
3 3 0 0 0
3 3 1 0 1
4 8 7 0 7
4 7 7 0 7
4 4 7 0 7
4 8 7 0 7
4 8 7 0 7
9 14 7 0 7
4 4 7 0 7
4 4 7 0 7
16 102 7 0 7
4 7 7 0 7
13 49 7 0 7
8 9 7 0 7
4 4 7 0 7
4 4 7 0 7
4 4 7 0 7
16 102 7 0 7
4 8 7 0 7
4 7 7 0 7
4 4 7 0 7
4 4 7 0 7
4 4 7 0 7
4 8 7 0 7
5 5 4 0 4
5 5 3 0 3
5 5 2 0 2
5 5 4 0 4
5 5 4 0 4
5 5 4 0 4
5 5 3 0 3
5 5 2 0 2
1 10 2 0 2
4 8 7 0 7
4 8 7 0 7
4 4 7 0 7
5 5 2 0 2
3 9 3 0 3
1 11 4 0 4
5 5 3 0 3
5 5 2 0 2
1 11 4 0 4
5 5 0 0 0
5 5 1 0 1
5 5 0 0 0
5 5 2 0 2
1 11 4 0 4
5 5 3 0 3
4 13 7 0 7
4 13 7 0 7
26 81 7 0 7
4 4 7 0 7
4 4 7 0 7
4 4 7 0 7
4 8 7 0 7
4 13 7 0 7
4 8 7 0 7
4 8 7 0 7
4 13 7 0 7
4 8 7 0 7
4 8 7 0 7
1 10 1 0 1
10 15 4 0 4
2 2 2 0 2
3 3 0 0 0
1 10 1 0 1
1 10 2 0 2
1 10 3 0 3
1 10 1 0 1
3 22 0 1 0
3 25 4 0 4
1 10 2 0 2
1 10 1 0 1
1 10 2 0 2
4 8 1 0 1
3 22 2 1 2
3 21 4 0 4
3 21 0 0 0
3 21 0 0 0
3 21 1 0 1
3 21 2 0 2
14 22 0 1 0
1 10 0 0 0
1 10 1 0 1
1 10 1 0 1
3 3 3 0 3
10 15 2 0 2
3 3 0 0 0
10 15 1 0 1
3 3 4 0 4
3 3 2 0 2
3 3 4 0 4
3 22 1 1 1
3 21 2 0 2
3 21 1 0 1
3 21 0 0 0
3 22 2 1 2
3 21 1 0 1
1 10 2 0 2
10 103 1 0 1
1 1 1 0 1
10 15 1 0 1
10 15 2 0 2
10 15 3 0 3
10 15 0 0 0
10 15 1 0 1
10 15 4 0 4
10 15 3 0 3
10 15 2 0 2
10 15 1 0 1
10 15 3 0 3
3 3 2 0 2
3 3 4 0 4
1 1 2 0 2
1 1 4 0 4
1 11 2 0 2
10 15 2 0 2
18 13 0 0 0
22 50 0 0 0
4 8 1 0 1
3 3 4 0 4
3 3 1 0 1
3 3 4 0 4
1 11 3 0 3
10 15 2 0 2
10 15 1 0 1
3 3 0 0 0
3 3 1 0 1
10 15 2 0 2
3 3 0 0 0
1 1 4 0 4
1 1 3 0 3
8 13 4 0 4
1 11 1 0 1
1 11 1 0 1
5 5 4 0 4
5 5 1 0 1
1 11 0 0 0
8 9 11 0 11
1 11 3 0 3
1 1 0 0 0
1 11 1 0 1
1 11 4 0 4
5 5 3 0 3
1 11 4 0 4
1 11 2 0 2
1 11 1 0 1
5 5 3 0 3
5 5 0 0 0
5 5 4 0 4
1 11 4 0 4
1 11 3 0 3
1 11 4 0 4
5 5 4 0 4
5 5 3 0 3
5 5 1 0 1
1 11 1 0 1
5 5 0 0 0
1 11 0 0 0
1 11 4 0 4
5 5 0 0 0
5 5 1 0 1
3 3 0 0 0
5 5 1 0 1
3 3 0 0 0
3 3 1 0 1
1 11 2 0 2
1 11 1 0 1
5 5 1 0 1
1 11 0 0 0
1 11 0 0 0
1 11 1 0 1
1 11 3 0 3
1 11 0 0 0
1 11 2 0 2
1 11 2 0 2
1 11 0 0 0
5 5 2 0 2
17 13 3 0 3
8 13 1 0 1
4 4 1 0 1
1 11 2 0 2
6 7 23 0 23
5 5 3 0 3
5 5 3 0 3
1 11 0 0 0
10 15 1 0 1
10 15 3 0 3
10 15 0 0 0
1 1 0 0 0
1 1 2 0 2
1 1 0 0 0
17 101 2 0 2
1 1 0 0 0
8 13 3 0 3
12 13 1 0 1
10 15 4 0 4
1 1 3 0 3
1 11 0 0 0
5 5 4 0 4
10 15 0 0 0
10 15 2 0 2
3 3 1 0 1
4 4 1 0 1
1 1 2 0 2
17 101 4 0 4
17 101 0 0 0
1 1 1 0 1
2 9 4 0 4
3 3 4 0 4
3 3 1 0 1
3 3 0 0 0
3 3 0 0 0
3 3 0 0 0
3 3 4 0 4
3 3 1 0 1
3 3 0 0 0
3 3 4 0 4
3 3 1 0 1
3 3 0 0 0
3 3 4 0 4
3 3 0 0 0
3 3 4 0 4
3 3 0 0 0
3 3 1 0 1
5 5 0 0 0
1 11 1 0 1
5 5 2 0 2
1 11 2 0 2
5 5 2 0 2
5 5 0 0 0
1 11 2 0 2
5 5 1 0 1
5 5 3 0 3
5 5 2 0 2
5 5 4 0 4
5 5 3 0 3
5 5 4 0 4
5 5 4 0 4
1 11 3 0 3
5 5 0 0 0
2 13 0 0 0
5 5 1 0 1
3 21 2 0 2
1 10 1 0 1
1 10 1 0 1
3 22 4 1 4
3 3 2 0 2
3 3 1 0 1
3 21 1 0 1
3 3 0 0 0
3 3 4 0 4
3 3 1 0 1
3 3 4 0 4
3 3 4 0 4
3 3 0 0 0
3 3 4 0 4
3 3 4 0 4
3 3 4 0 4
3 3 1 0 1
3 3 0 0 0
3 3 1 0 1
3 3 1 0 1
3 3 0 0 0
3 3 1 0 1
3 3 0 0 0
3 3 1 0 1
3 3 1 0 1
3 3 0 0 0
4 8 1 0 1
10 15 0 0 0
8 9 13 0 13
3 21 4 0 4
3 21 2 0 2
3 21 2 0 2
3 21 0 0 0
3 22 2 1 2
3 21 1 0 1
4 4 1 0 1
3 25 4 0 4
3 3 4 0 4
3 3 4 0 4
1 104 4 0 4
1 104 4 0 4
1 104 4 0 4
3 3 0 0 0
1 104 4 0 4
1 104 4 0 4
1 1 4 0 4
3 21 4 0 4
1 1 3 0 3
1 1 4 0 4
3 21 1 0 1
3 3 1 0 1
3 3 3 0 3
3 3 3 0 3
4 8 1 0 1
3 3 1 0 1
3 3 2 0 2
3 3 2 0 2
1 1 4 0 4
3 3 1 0 1
1 1 1 0 1
10 15 4 0 4
1 1 2 0 2
1 11 3 0 3
3 22 4 1 4
1 104 4 0 4
1 104 4 0 4
3 3 4 0 4
3 3 1 0 1
3 3 4 0 4
3 3 1 0 1
3 3 4 0 4
1 1 3 0 3
3 3 0 0 0
3 3 1 0 1
3 3 0 0 0
4 8 1 0 1
3 3 4 0 4
3 3 4 0 4
3 3 0 0 0
3 3 3 0 3
4 4 1 0 1
11 23 4 0 4
1 11 3 0 3
3 3 0 0 0
4 4 1 0 1
1 22 1 1 1
3 3 1 0 1
3 3 2 0 2
4 8 1 0 1
1 1 2 0 2
1 11 4 0 4
5 5 2 0 2
1 1 2 0 2
1 1 2 0 2
24 59 1 0 1
1 1 2 0 2
1 1 3 0 3
1 1 4 0 4
1 1 2 0 2
1 1 1 0 1
1 1 2 0 2
1 1 3 0 3
3 3 4 0 4
1 1 2 0 2
1 1 3 0 3
1 1 2 0 2
10 15 1 0 1
8 9 13 0 13
5 5 0 0 0
10 15 3 0 3
10 15 0 0 0
1 11 4 0 4
10 15 3 0 3
10 15 3 0 3
10 15 2 0 2
10 15 4 0 4
3 3 2 0 2
1 1 0 0 0
1 1 0 0 0
1 1 4 0 4
1 1 1 0 1
3 3 4 0 4
3 3 0 0 0
5 5 3 0 3
1 1 1 0 1
1 1 1 0 1
1 1 2 0 2
1 1 0 0 0
1 1 2 0 2
1 1 2 0 2
3 3 4 0 4
8 13 2 0 2
10 15 4 0 4
3 3 0 0 0
3 3 1 0 1
5 5 0 0 0
1 11 2 0 2
3 3 2 0 2
10 15 4 0 4
10 15 4 0 4
10 15 2 0 2
8 13 0 0 0
8 13 3 0 3
8 13 1 0 1
10 15 2 0 2
10 20 3 0 3
10 15 2 0 2
1 11 4 0 4
4 7 1 0 1
3 3 4 0 4
1 11 4 0 4
3 92 4 0 4
1 11 2 0 2
1 1 4 0 4
1 1 3 0 3
1 1 4 0 4
1 1 4 0 4
1 1 4 0 4
1 1 4 0 4
1 1 4 0 4
8 13 4 0 4
4 7 1 0 1
8 13 2 0 2
3 3 0 0 0
3 3 1 0 1
8 9 12 0 12
4 7 1 0 1
10 15 2 0 2
10 15 4 0 4
4 4 1 0 1
4 8 1 0 1
1 1 3 0 3
1 1 4 0 4
1 1 0 0 0
1 1 3 0 3
1 1 4 0 4
1 1 1 0 1
3 3 1 0 1
3 3 0 0 0
3 3 1 0 1
3 3 0 0 0
8 9 0 0 0
1 11 0 0 0
3 3 2 0 2
10 15 2 0 2
3 3 4 0 4
1 1 1 0 1
1 1 1 0 1
1 1 0 0 0
1 1 0 0 0
1 1 0 0 0
1 1 2 0 2
1 1 0 0 0
1 1 2 0 2
1 1 3 0 3
3 3 2 0 2
3 3 3 0 3
3 22 2 1 2
1 13 4 0 4
1 1 2 0 2
1 1 2 0 2
12 13 1 0 1
3 3 2 0 2
3 3 4 0 4
4 8 1 0 1
4 4 1 0 1
11 23 0 0 0
3 3 4 0 4
3 3 4 0 4
3 3 1 0 1
1 11 4 0 4
3 3 4 0 4
3 3 3 0 3
3 3 4 0 4
3 3 2 0 2
3 3 0 0 0
11 23 4 0 4
3 3 3 0 3
3 3 1 0 1
1 13 2 0 2
1 13 3 0 3
4 4 1 0 1
4 4 1 0 1
10 15 1 0 1
4 7 1 0 1
3 3 4 0 4
3 3 3 0 3
3 3 0 0 0
3 3 1 0 1
3 3 2 0 2
3 3 2 0 2
3 3 1 0 1
1 1 1 0 1
3 3 4 0 4
3 3 4 0 4
3 3 4 0 4
1 1 3 0 3
3 3 1 0 1
3 3 4 0 4
3 3 0 0 0
3 3 1 0 1
3 3 4 0 4
1 1 3 0 3
3 3 4 0 4
3 3 1 0 1
3 3 1 0 1
1 1 3 0 3
3 3 4 0 4
3 3 0 0 0
3 3 4 0 4
3 3 4 0 4
3 3 1 0 1
3 3 4 0 4
1 1 1 0 1
10 15 2 0 2
3 3 0 0 0
3 3 0 0 0
3 3 4 0 4
1 1 3 0 3
3 3 1 0 1
3 3 1 0 1
3 3 1 0 1
3 3 4 0 4
3 3 4 0 4
3 3 1 0 1
3 3 4 0 4
1 1 3 0 3
3 3 0 0 0
3 3 0 0 0
3 3 1 0 1
1 1 3 0 3
3 3 4 0 4
3 3 4 0 4
3 3 0 0 0
3 3 1 0 1
3 3 0 0 0
3 3 4 0 4
1 1 4 0 4
2 9 4 0 4
8 9 12 0 12
4 4 1 0 1
4 8 1 0 1
1 11 3 0 3
8 13 3 0 3
1 1 8 0 8
1 1 8 0 8
4 8 8 0 8
18 63 15 0 15
15 105 15 1 15
1 1 8 0 8
1 104 8 0 8
1 104 8 0 8
1 104 8 0 8
1 104 8 0 8
1 104 8 0 8
1 104 8 0 8
4 8 8 0 8
3 3 8 0 8
3 3 8 0 8
10 15 8 0 8
1 1 8 0 8
15 106 24 1 24
9 14 8 0 8
9 14 8 0 8
3 3 8 0 8
1 1 8 0 8
1 1 8 0 8
1 1 8 0 8
1 1 8 0 8
8 9 19 0 19
15 13 15 1 15
1 22 8 1 8
1 22 5 1 5
4 7 15 0 15
17 7 15 0 15
24 59 8 0 8
4 4 8 0 8
4 8 8 0 8
4 4 8 0 8
8 13 8 0 8
1 11 8 0 8
3 3 8 0 8
3 3 8 0 8
1 11 8 0 8
1 11 8 0 8
1 11 8 0 8
3 3 8 0 8
3 3 8 0 8
1 1 8 0 8
1 1 8 0 8
4 8 8 0 8
4 4 8 0 8
4 8 8 0 8
4 8 8 0 8
3 3 8 0 8
10 15 8 0 8
10 15 8 0 8
16 102 8 0 8
15 107 15 1 15
3 3 8 0 8
3 3 8 0 8
3 3 8 0 8
3 3 8 0 8
4 4 8 0 8
1 1 8 0 8
1 1 8 0 8
4 4 8 0 8
1 1 8 0 8
1 1 8 0 8
1 1 8 0 8
1 13 8 0 8
1 1 8 0 8
3 3 8 0 8
1 1 8 0 8
1 1 8 0 8
4 4 8 0 8
1 1 0 0 0
1 1 3 0 3
1 1 3 0 3
1 1 1 0 1
11 23 4 0 4
1 1 0 0 0
1 11 5 0 5
1 11 5 0 5
5 5 5 0 5
1 11 5 0 5
5 5 5 0 5
5 5 5 0 5
5 5 5 0 5
5 5 5 0 5
4 108 6 0 6
1 1 0 0 0
1 1 1 0 1
1 1 2 0 2
1 1 0 0 0
1 11 5 0 5
26 81 5 0 5
4 7 5 0 5
4 4 5 0 5
8 13 5 0 5
4 4 5 0 5
4 4 5 0 5
1 1 5 0 5
3 3 5 0 5
4 7 5 0 5
3 3 5 0 5
5 5 5 0 5
4 7 5 0 5
26 81 5 0 5
4 8 5 0 5
2 9 5 0 5
4 4 8 0 8
4 4 8 0 8
4 7 8 0 8
3 3 8 0 8
3 3 8 0 8
3 3 8 0 8
3 3 8 0 8
3 3 8 0 8
4 8 8 0 8
1 1 8 0 8
1 1 8 0 8
1 1 8 0 8
10 20 8 0 8
10 20 8 0 8
10 20 8 0 8
1 1 8 0 8
9 14 8 0 8
3 3 8 0 8
3 3 8 0 8
3 3 8 0 8
1 1 8 0 8
10 15 8 0 8
3 3 8 0 8
4 4 9 0 9
1 1 8 0 8
1 1 8 0 8
1 1 8 0 8
15 109 21 1 21
1 1 8 0 8
1 1 8 0 8
4 4 8 0 8
1 1 8 0 8
3 25 8 0 8
9 14 15 0 15
1 104 8 0 8
10 20 8 0 8
10 20 8 0 8
10 20 8 0 8
10 20 8 0 8
3 3 8 0 8
10 20 8 0 8
10 20 8 0 8
10 20 8 0 8
10 20 8 0 8
10 20 8 0 8
10 20 8 0 8
4 4 8 0 8
3 3 8 0 8
1 1 8 0 8
1 1 8 0 8
18 63 15 0 15
15 13 15 1 15
4 7 9 0 9
9 14 8 0 8
4 4 8 0 8
4 7 8 0 8
10 15 8 0 8
3 3 8 0 8
4 8 15 0 15
3 25 8 0 8
3 3 8 0 8
1 1 8 0 8
10 20 8 0 8
10 20 8 0 8
10 20 8 0 8
10 20 8 0 8
10 20 8 0 8
3 3 8 0 8
3 3 8 0 8
3 21 8 0 8
3 21 8 0 8
17 101 8 0 8
1 1 8 0 8
3 3 8 0 8
3 3 8 0 8
1 1 8 0 8
3 21 8 0 8
3 21 8 0 8
3 21 8 0 8
3 3 8 0 8
10 20 8 0 8
10 20 8 0 8
10 20 8 0 8
10 20 8 0 8
10 20 8 0 8
1 11 8 0 8
4 4 8 0 8
10 15 8 0 8
17 85 15 0 15
4 8 15 0 15
1 1 8 0 8
1 11 8 0 8
4 7 5 0 5
4 4 5 0 5
5 5 5 0 5
4 8 5 0 5
9 14 5 0 5
4 7 5 0 5
4 8 5 0 5
4 4 5 0 5
9 14 5 0 5
3 3 5 0 5
3 3 5 0 5
9 14 5 0 5
3 3 5 0 5
4 7 5 0 5
3 3 5 0 5
3 3 5 0 5
3 3 5 0 5
3 3 5 0 5
4 4 5 0 5
3 3 5 0 5
1 1 5 0 5
4 4 6 0 6
1 1 5 0 5
1 1 5 0 5
1 1 5 0 5
1 1 5 0 5
4 4 5 0 5
3 3 5 0 5
3 3 5 0 5
6 9 6 0 6
4 8 5 0 5
4 8 5 0 5
5 5 8 0 8
1 11 8 0 8
6 35 9 0 9
8 13 9 0 9
5 5 8 0 8
5 5 8 0 8
7 7 15 0 15
7 12 15 0 15
13 49 6 0 6
1 1 5 0 5
4 4 5 0 5
26 81 5 0 5
1 1 5 0 5
3 25 0 0 0
3 3 4 0 4
3 110 0 0 0
4 8 1 0 1
3 3 0 0 0
1 1 0 0 0
3 3 1 0 1
3 3 4 0 4
3 25 1 0 1
4 4 1 0 1
1 13 4 0 4
1 13 1 0 1
1 13 4 0 4
1 10 1 0 1
3 3 1 0 1
3 21 1 0 1
3 21 0 0 0
3 21 4 0 4
3 21 1 0 1
3 21 2 0 2
8 9 12 0 12
6 35 25 0 25
3 3 2 0 2
17 101 1 0 1
3 3 1 0 1
3 3 0 0 0
3 25 0 0 0
3 13 2 0 2
3 3 3 0 3
3 21 0 0 0
3 21 0 0 0
3 21 0 0 0
3 21 1 0 1
3 21 4 0 4
3 21 2 0 2
3 3 1 0 1
3 21 4 0 4
4 4 8 0 8
4 4 8 0 8
4 8 8 0 8
26 81 8 0 8
4 7 8 0 8
1 1 8 0 8
13 49 9 0 9
3 3 8 0 8
13 36 9 1 9
15 13 15 0 15
9 111 9 0 9
15 112 24 1 24
8 34 15 0 15
7 36 9 1 9
17 13 15 0 15
8 34 15 0 15
3 21 1 0 1
3 21 2 0 2
3 21 2 0 2
3 21 2 0 2
3 21 1 0 1
11 23 1 0 1
3 21 0 0 0
11 23 4 0 4
3 22 4 1 4
3 22 0 1 0
3 21 0 0 0
3 21 4 0 4
3 21 4 0 4
3 21 1 0 1
3 13 3 0 3
11 23 1 0 1
1 1 1 0 1
1 1 0 0 0
1 1 0 0 0
11 23 4 0 4
8 13 1 0 1
3 25 0 0 0
3 25 2 0 2
1 13 1 0 1
4 8 1 0 1
3 22 4 1 4
3 22 4 1 4
3 22 0 1 0
1 1 2 0 2
1 1 0 0 0
1 1 3 0 3
1 1 3 0 3
1 1 3 0 3
1 1 1 0 1
1 1 2 0 2
1 1 0 0 0
1 10 2 0 2
10 15 4 0 4
10 15 4 0 4
10 15 3 0 3
3 3 4 0 4
10 15 4 0 4
10 15 2 0 2
4 4 1 0 1
1 11 4 0 4
3 3 4 0 4
1 11 3 0 3
1 10 1 0 1
1 10 2 0 2
1 10 1 0 1
1 10 2 0 2
9 14 1 0 1
1 11 3 0 3
3 3 4 0 4
10 15 1 0 1
1 1 0 0 0
10 15 2 0 2
10 15 1 0 1
1 1 0 0 0
10 15 3 0 3
10 15 4 0 4
10 15 0 0 0
3 113 0 0 0
3 114 1 0 1
3 3 2 0 2
1 11 1 0 1
10 15 3 0 3
1 10 2 0 2
1 1 1 0 1
10 15 1 0 1
10 15 0 0 0
1 1 1 0 1
10 15 4 0 4
10 15 1 0 1
17 101 3 0 3
1 1 3 0 3
1 11 3 0 3
1 11 3 0 3
3 3 3 0 3
3 3 0 0 0
10 15 0 0 0
10 15 0 0 0
10 15 3 0 3
3 3 1 0 1
3 3 3 0 3
10 15 4 0 4
3 3 2 0 2
8 13 9 0 9
5 5 8 0 8
5 5 8 0 8
7 12 9 0 9
7 7 9 0 9
7 7 21 0 21
7 7 9 0 9
8 9 21 0 21
1 22 5 1 5
3 3 5 0 5
17 85 10 0 10
13 115 10 1 10
4 4 6 0 6
6 116 6 0 6
4 7 5 0 5
13 117 5 0 5
3 3 5 0 5
3 3 5 0 5
3 3 5 0 5
3 3 5 0 5
3 3 5 0 5
3 3 5 0 5
4 7 6 0 6
5 5 5 0 5
9 14 5 0 5
4 8 5 0 5
1 11 5 0 5
4 4 5 0 5
4 7 5 0 5
4 8 5 0 5
8 13 5 0 5
24 59 5 0 5
8 9 5 0 5
4 13 5 0 5
24 13 5 0 5
1 11 5 0 5
5 5 5 0 5
1 11 5 0 5
5 5 5 0 5
5 5 5 0 5
5 5 5 0 5
5 5 5 0 5
5 5 5 0 5
15 118 5 0 5
7 12 6 0 6
6 13 10 0 10
9 14 7 0 7
4 13 7 0 7
8 9 7 0 7
4 13 7 0 7
4 4 7 0 7
4 4 7 0 7
4 4 7 0 7
4 4 7 0 7
4 8 7 0 7
8 119 7 0 7
4 8 7 0 7
4 8 7 0 7
4 7 7 0 7
4 8 7 0 7
1 11 1 0 1
1 10 2 0 2
1 10 1 0 1
1 10 2 0 2
1 10 1 0 1
1 10 2 0 2
1 10 2 0 2
1 10 2 0 2
3 3 4 0 4
1 1 3 0 3
3 3 1 0 1
10 20 4 0 4
4 4 1 0 1
10 15 0 0 0
10 15 1 0 1
1 10 2 0 2
1 1 2 0 2
3 3 0 0 0
10 15 1 0 1
10 15 2 0 2
8 13 0 0 0
1 1 1 0 1
1 1 4 0 4
1 1 4 0 4
1 1 4 0 4
1 1 0 0 0
1 1 4 0 4
1 1 4 0 4
1 1 0 0 0
1 1 1 0 1
8 9 12 0 12
1 1 4 0 4
1 1 4 0 4
1 1 1 0 1
1 1 4 0 4
1 1 1 0 1
1 1 1 0 1
1 1 0 0 0
1 1 2 0 2
1 1 1 0 1
1 1 0 0 0
1 1 4 0 4
1 1 0 0 0
1 1 3 0 3
1 1 4 0 4
1 1 1 0 1
1 1 1 0 1
17 101 4 0 4
1 1 1 0 1
1 1 3 0 3
1 1 1 0 1
1 1 2 0 2
3 3 4 0 4
10 15 4 0 4
1 11 0 0 0
1 1 0 0 0
10 15 2 0 2
8 13 2 0 2
8 13 4 0 4
1 11 2 0 2
2 9 3 0 3
10 15 2 0 2
10 15 1 0 1
4 7 1 0 1
11 23 0 0 0
10 15 1 0 1
10 15 4 0 4
10 15 0 0 0
10 15 0 0 0
4 8 1 0 1
11 23 1 0 1
11 23 0 0 0
1 1 3 0 3
3 25 4 0 4
10 15 4 0 4
10 15 0 0 0
10 15 3 0 3
10 15 2 0 2
10 15 1 0 1
10 15 0 0 0
1 1 3 0 3
10 15 1 0 1
10 15 3 0 3
10 15 3 0 3
3 25 4 0 4
4 7 1 0 1
10 15 3 0 3
10 15 4 0 4
10 15 3 0 3
17 101 1 0 1
1 1 3 0 3
10 15 2 0 2
10 15 1 0 1
5 5 2 0 2
1 1 0 0 0
4 8 1 0 1
10 15 1 0 1
10 15 2 0 2
1 1 3 0 3
10 15 2 0 2
10 15 1 0 1
10 15 0 0 0
10 15 4 0 4
10 15 4 0 4
10 15 4 0 4
4 8 1 0 1
1 10 2 0 2
17 101 3 0 3
1 1 3 0 3
1 1 4 0 4
1 1 0 0 0
1 1 3 0 3
1 1 3 0 3
1 1 4 0 4
1 1 1 0 1
1 1 1 0 1
1 1 0 0 0
1 1 2 0 2
6 7 14 0 14
3 3 1 0 1
3 3 0 0 0
1 1 2 0 2
1 1 4 0 4
1 1 8 0 8
4 8 8 0 8
1 1 8 0 8
9 14 8 0 8
1 1 8 0 8
1 1 8 0 8
1 1 8 0 8
4 4 8 0 8
4 8 8 0 8
4 7 8 0 8
1 1 8 0 8
1 1 8 0 8
1 1 8 0 8
1 1 8 0 8
1 1 8 0 8
4 4 8 0 8
3 25 8 0 8
9 14 8 0 8
3 3 8 0 8
10 15 8 0 8
10 15 8 0 8
8 13 8 0 8
1 1 8 0 8
4 8 8 0 8
4 8 8 0 8
8 13 8 0 8
1 11 8 0 8
1 11 8 0 8
4 13 8 0 8
1 11 8 0 8
3 3 8 0 8
1 11 8 0 8
1 11 8 0 8
5 5 8 0 8
1 11 8 0 8
1 11 8 0 8
1 11 8 0 8
1 11 8 0 8
1 11 8 0 8
1 11 8 0 8
7 12 9 0 9
5 5 8 0 8
8 13 9 0 9
8 13 9 0 9
3 21 4 0 4
3 21 2 0 2
3 21 4 0 4
3 21 0 0 0
1 10 0 0 0
3 21 0 0 0
3 21 0 0 0
3 3 0 0 0
3 3 0 0 0
1 1 1 0 1
3 3 4 0 4
10 15 1 0 1
1 11 4 0 4
1 11 1 0 1
10 15 1 0 1
17 101 3 0 3
17 101 2 0 2
17 101 1 0 1
3 22 0 1 0
3 21 0 0 0
3 21 1 0 1
3 21 4 0 4
3 21 1 0 1
3 21 0 0 0
3 21 0 0 0
3 21 4 0 4
3 21 4 0 4
3 3 1 0 1
3 3 0 0 0
3 3 0 0 0
3 3 3 0 3
3 3 0 0 0
3 3 3 0 3
3 21 2 0 2
3 21 1 0 1
11 23 4 0 4
10 15 1 0 1
11 23 4 0 4
11 23 4 0 4
1 1 2 0 2
1 1 0 0 0
3 3 0 0 0
3 3 2 0 2
1 1 1 0 1
1 10 4 0 4
1 1 3 0 3
3 3 4 0 4
1 24 1 0 1
3 3 2 0 2
3 21 1 0 1
1 10 2 0 2
1 10 1 0 1
1 10 1 0 1
1 10 2 0 2
1 10 2 0 2
3 21 1 0 1
3 3 2 0 2
3 3 4 0 4
1 24 2 0 2
3 21 0 0 0
3 21 0 0 0
3 21 2 0 2
3 3 2 0 2
10 15 0 0 0
3 25 1 0 1
10 15 4 0 4
10 15 4 0 4
10 15 4 0 4
10 15 4 0 4
10 15 4 0 4
1 1 2 0 2
1 1 4 0 4
1 1 3 0 3
1 1 4 0 4
1 1 2 0 2
17 101 4 0 4
4 8 1 0 1
3 3 4 0 4
3 3 0 0 0
3 3 1 0 1
3 3 4 0 4
3 3 1 0 1
3 3 0 0 0
3 3 1 0 1
3 3 4 0 4
3 3 0 0 0
3 3 1 0 1
3 3 1 0 1
3 3 1 0 1
3 3 0 0 0
3 3 4 0 4
3 3 4 0 4
3 3 4 0 4
3 3 4 0 4
3 3 0 0 0
1 10 2 0 2
3 92 1 0 1
1 10 2 0 2
8 13 4 0 4
1 11 0 0 0
1 10 0 0 0
1 11 2 0 2
8 9 16 0 16
5 5 3 0 3
1 11 0 0 0
4 4 1 0 1
1 10 2 0 2
1 11 4 0 4
6 7 1 0 1
1 11 3 0 3
1 11 0 0 0
1 11 1 0 1
1 11 3 0 3
1 10 0 0 0
1 10 0 0 0
5 5 0 0 0
5 5 4 0 4
5 5 3 0 3
1 11 0 0 0
1 11 4 0 4
1 11 3 0 3
1 11 3 0 3
1 11 3 0 3
5 5 0 0 0
5 5 2 0 2
5 5 0 0 0
5 5 4 0 4
1 11 4 0 4
5 5 2 0 2
5 5 1 0 1
5 5 4 0 4
5 5 3 0 3
5 5 4 0 4
5 5 3 0 3
5 5 4 0 4
5 5 1 0 1
5 5 3 0 3
5 5 1 0 1
5 5 3 0 3
13 120 15 1 15
14 36 6 1 6
1 10 2 0 2
1 10 2 0 2
10 20 8 0 8
10 20 8 0 8
10 20 8 0 8
1 1 8 0 8
3 21 8 0 8
10 20 8 0 8
4 4 8 0 8
1 1 8 0 8
6 35 8 0 8
1 11 8 0 8
4 13 22 0 22
1 1 8 0 8
1 1 8 0 8
1 1 8 0 8
3 21 8 0 8
3 21 8 0 8
3 21 8 0 8
9 14 8 0 8
4 8 8 0 8
4 13 8 0 8
1 1 8 0 8
8 121 9 0 9
9 14 8 0 8
4 13 15 0 15
4 7 8 0 8
1 1 8 0 8
1 1 8 0 8
1 1 8 0 8
1 1 8 0 8
4 4 8 0 8
4 13 17 0 17
10 15 8 0 8
10 15 8 0 8
3 3 8 0 8
4 8 8 0 8
1 11 8 0 8
1 11 8 0 8
4 4 8 0 8
4 13 8 0 8
26 81 8 0 8
3 3 8 0 8
1 11 8 0 8
4 13 8 0 8
8 13 8 0 8
5 5 8 0 8
1 11 8 0 8
1 10 1 0 1
1 10 1 0 1
3 22 0 1 0
3 22 4 1 4
1 10 2 0 2
1 10 2 0 2
1 10 1 0 1
6 13 15 0 15
8 34 15 0 15
6 122 9 0 9
3 22 8 1 8
8 9 8 0 8
17 123 15 0 15
13 49 9 0 9
3 3 8 0 8
6 35 9 0 9
4 8 15 0 15
4 4 9 0 9
13 124 9 0 9
3 3 8 0 8
31 13 15 0 15
1 1 8 0 8
1 1 8 0 8
13 125 15 1 15
4 4 8 0 8
8 13 8 0 8
1 1 8 0 8
3 3 8 0 8
3 3 8 0 8
3 126 8 0 8
3 21 8 0 8
10 20 8 0 8
10 15 4 0 4
4 4 1 0 1
10 15 2 0 2
1 10 1 0 1
1 10 2 0 2
1 10 2 0 2
1 10 1 0 1
10 15 1 0 1
1 10 1 0 1
1 10 2 0 2
10 15 1 0 1
10 15 1 0 1
10 15 2 0 2
10 15 0 0 0
3 3 3 0 3
1 10 2 0 2
3 127 0 0 0
3 92 4 0 4
10 15 1 0 1
10 15 0 0 0
10 15 1 0 1
4 4 1 0 1
3 3 3 0 3
3 3 0 0 0
3 3 0 0 0
3 3 4 0 4
3 3 2 0 2
1 11 0 0 0
3 25 2 0 2
10 15 1 0 1
1 1 1 0 1
1 1 0 0 0
3 3 0 0 0
3 3 4 0 4
3 3 0 0 0
3 3 4 0 4
9 14 1 0 1
3 3 1 0 1
3 3 0 0 0
3 3 0 0 0
3 128 1 0 1
1 1 2 0 2
5 5 8 0 8
5 5 8 0 8
8 13 9 0 9
5 5 8 0 8
7 7 9 0 9
7 7 9 0 9
17 60 10 0 10
6 13 6 0 6
13 49 6 0 6
4 4 5 0 5
4 4 5 0 5
3 3 5 0 5
3 3 5 0 5
3 3 5 0 5
3 3 5 0 5
3 3 5 0 5
1 11 5 0 5
4 4 5 0 5
9 14 5 0 5
4 7 5 0 5
4 4 5 0 5
1 11 5 0 5
4 13 5 0 5
4 8 5 0 5
4 8 5 0 5
4 7 5 0 5
8 13 5 0 5
4 13 5 0 5
6 35 6 0 6
5 5 5 0 5
6 9 6 0 6
1 11 5 0 5
5 5 5 0 5
7 129 6 0 6
4 4 6 0 6
3 21 4 0 4
3 3 1 0 1
3 21 0 0 0
3 21 1 0 1
1 1 2 0 2
1 1 0 0 0
1 10 3 0 3
1 1 4 0 4
3 21 2 0 2
3 21 4 0 4
3 21 2 0 2
3 21 2 0 2
3 3 2 0 2
3 21 2 0 2
3 21 2 0 2
3 21 4 0 4
3 22 4 1 4
3 21 1 0 1
1 10 2 0 2
3 3 3 0 3
1 1 4 0 4
1 1 0 0 0
1 1 2 0 2
3 3 0 0 0
4 4 1 0 1
3 22 1 1 1
3 22 2 1 2
3 22 2 1 2
3 21 0 0 0
3 21 0 0 0
3 3 3 0 3
3 3 4 0 4
3 3 0 0 0
3 3 0 0 0
3 3 0 0 0
3 3 0 0 0
3 3 3 0 3
3 3 1 0 1
3 3 3 0 3
1 10 2 0 2
1 11 3 0 3
3 3 1 0 1
3 3 0 0 0
4 13 1 0 1
1 11 0 0 0
3 3 4 0 4
3 3 0 0 0
3 3 1 0 1
3 3 0 0 0
3 3 4 0 4
3 3 1 0 1
3 3 0 0 0
10 15 4 0 4
3 3 4 0 4
3 3 4 0 4
3 3 1 0 1
3 3 0 0 0
3 3 0 0 0
3 3 0 0 0
10 15 4 0 4
3 3 2 0 2
8 13 0 0 0
8 13 1 0 1
1 11 1 0 1
1 11 0 0 0
13 49 0 0 0
3 22 0 1 0
3 3 4 0 4
3 3 3 0 3
3 21 4 0 4
3 3 2 0 2
3 3 1 0 1
3 3 4 0 4
10 15 0 0 0
11 23 0 0 0
11 23 1 0 1
11 23 1 0 1
3 3 4 0 4
3 3 1 0 1
10 15 2 0 2
4 4 1 0 1
1 11 2 0 2
10 15 0 0 0
8 9 14 0 14
3 3 4 0 4
1 1 2 0 2
5 5 1 0 1
1 1 1 0 1
1 1 0 0 0
1 1 0 0 0
1 1 0 0 0
10 20 1 0 1
3 3 4 0 4
3 3 1 0 1
3 25 2 0 2
10 15 1 0 1
26 81 1 0 1
1 1 2 0 2
10 15 0 0 0
1 1 0 0 0
1 1 2 0 2
10 15 4 0 4
1 1 4 0 4
1 1 2 0 2
1 1 0 0 0
1 1 1 0 1
3 3 4 0 4
3 3 4 0 4
3 3 0 0 0
3 3 1 0 1
3 3 4 0 4
3 3 0 0 0
3 3 4 0 4
3 3 1 0 1
3 3 0 0 0
3 3 0 0 0
3 3 4 0 4
3 3 0 0 0
3 3 1 0 1
3 3 1 0 1
3 3 0 0 0
3 3 4 0 4
3 3 1 0 1
3 3 4 0 4
3 3 4 0 4
3 3 4 0 4
3 3 0 0 0
3 3 0 0 0
3 3 1 0 1
8 9 0 0 0
8 13 3 0 3
8 13 0 0 0
8 13 2 0 2
8 9 14 0 14
10 15 1 0 1
8 130 15 0 15
6 36 9 1 9
8 9 8 0 8
8 9 19 0 19
1 22 8 1 8
10 15 8 0 8
3 3 8 0 8
1 1 8 0 8
10 20 8 0 8
10 20 8 0 8
4 4 15 0 15
1 1 8 0 8
4 8 9 0 9
3 3 8 0 8
3 3 8 0 8
18 63 15 0 15
3 3 8 0 8
4 8 8 0 8
1 1 8 0 8
4 8 8 0 8
3 3 8 0 8
10 20 8 0 8
3 21 8 0 8
3 3 8 0 8
1 1 8 0 8
1 1 8 0 8
4 8 8 0 8
1 1 8 0 8
1 1 8 0 8
3 21 8 0 8
3 21 8 0 8
3 21 8 0 8
10 20 8 0 8
3 3 8 0 8
4 4 8 0 8
1 1 8 0 8
1 1 8 0 8
4 13 22 0 22
4 4 8 0 8
4 7 8 0 8
10 15 8 0 8
1 1 8 0 8
1 1 8 0 8
7 12 9 0 9
27 12 9 0 9
3 3 5 0 5
4 4 5 0 5
3 3 5 0 5
3 3 5 0 5
4 8 5 0 5
4 8 5 0 5
9 14 5 0 5
4 8 5 0 5
4 4 5 0 5
4 8 5 0 5
4 4 5 0 5
2 9 5 0 5
4 7 5 0 5
8 13 5 0 5
13 49 10 0 10
8 9 5 0 5
4 13 5 0 5
13 131 5 0 5
4 4 5 0 5
4 8 5 0 5
17 101 5 0 5
3 3 5 0 5
3 3 5 0 5
3 3 5 0 5
4 13 5 0 5
4 4 5 0 5
9 14 5 0 5
4 4 5 0 5
1 1 5 0 5
4 4 5 0 5
8 9 5 0 5
4 7 5 0 5
4 13 5 0 5
5 5 5 0 5
1 11 5 0 5
1 1 5 0 5
1 1 5 0 5
4 13 5 0 5
26 13 5 0 5
1 11 5 0 5
5 5 5 0 5
1 11 5 0 5
5 5 5 0 5
5 5 5 0 5
5 5 5 0 5
7 7 5 0 5
17 60 10 0 10
4 4 7 0 7
4 13 7 0 7
4 8 7 0 7
3 3 8 0 8
3 3 8 0 8
3 3 8 0 8
1 1 8 0 8
10 20 8 0 8
10 20 8 0 8
10 20 8 0 8
10 20 8 0 8
1 11 8 0 8
1 1 8 0 8
2 132 8 0 8
2 133 8 0 8
4 4 8 0 8
3 3 8 0 8
3 3 8 0 8
4 8 8 0 8
1 1 8 0 8
1 1 8 0 8
1 1 8 0 8
4 4 8 0 8
1 1 8 0 8
1 1 8 0 8
1 1 8 0 8
1 1 8 0 8
3 3 8 0 8
3 21 8 0 8
3 21 8 0 8
10 20 8 0 8
3 3 8 0 8
1 1 8 0 8
1 1 8 0 8
4 4 8 0 8
4 8 8 0 8
3 3 8 0 8
1 1 8 0 8
4 4 8 0 8
10 15 8 0 8
9 14 8 0 8
4 4 8 0 8
10 15 8 0 8
3 3 8 0 8
4 4 8 0 8
4 13 8 0 8
4 7 8 0 8
3 3 8 0 8
1 11 8 0 8
5 5 8 0 8
4 7 8 0 8
1 11 8 0 8
5 5 8 0 8
5 5 8 0 8
5 5 8 0 8
20 13 11 0 11
5 5 4 0 4
5 5 3 0 3
1 11 4 0 4
5 5 1 0 1
5 5 4 0 4
5 5 4 0 4
5 5 0 0 0
5 5 0 0 0
5 5 4 0 4
5 5 0 0 0
5 5 3 0 3
5 5 3 0 3
5 5 0 0 0
10 15 4 0 4
1 10 1 0 1
1 10 1 0 1
1 10 2 0 2
1 10 2 0 2
1 10 3 0 3
1 10 3 0 3
10 15 4 0 4
3 3 4 0 4
1 10 2 0 2
10 15 1 0 1
4 4 7 0 7
8 12 7 0 7
4 13 7 0 7
4 8 7 0 7
9 14 7 0 7
4 4 7 0 7
4 8 7 0 7
4 13 7 0 7
4 7 7 0 7
4 8 7 0 7
4 7 7 0 7
4 8 7 0 7
4 8 7 0 7
13 134 15 1 15
4 8 7 0 7
4 13 7 0 7
4 4 7 0 7
4 7 7 0 7
4 4 7 0 7
8 9 7 0 7
4 7 7 0 7
4 13 7 0 7
4 8 7 0 7
8 9 7 0 7
4 13 7 0 7
8 9 7 0 7
9 14 7 0 7
4 4 7 0 7
4 7 7 0 7
4 8 7 0 7
4 8 7 0 7
4 13 7 0 7
4 4 7 0 7
4 4 7 0 7
10 15 0 0 0
3 3 1 0 1
10 15 1 0 1
10 15 1 0 1
10 15 3 0 3
3 21 4 0 4
1 11 1 0 1
1 1 4 0 4
10 15 1 0 1
1 10 2 0 2
1 10 2 0 2
10 15 0 0 0
3 3 0 0 0
1 1 2 0 2
1 10 1 0 1
1 10 1 0 1
1 10 2 0 2
1 10 1 0 1
1 10 1 0 1
3 3 4 0 4
1 10 1 0 1
3 21 4 0 4
3 21 4 0 4
1 1 2 0 2
1 1 8 0 8
1 1 8 0 8
1 1 8 0 8
4 13 8 0 8
10 15 8 0 8
1 1 8 0 8
9 14 8 0 8
10 15 8 0 8
4 13 8 0 8
10 15 8 0 8
4 4 8 0 8
1 11 8 0 8
10 15 8 0 8
1 11 8 0 8
4 13 8 0 8
4 13 17 0 17
1 11 8 0 8
1 11 8 0 8
4 13 8 0 8
1 11 8 0 8
1 11 8 0 8
4 13 8 0 8
5 5 8 0 8
7 7 9 0 9
7 7 9 0 9
32 135 15 0 15
10 15 8 0 8
10 15 8 0 8
10 15 8 0 8
19 36 8 0 8
17 13 5 0 5
1 22 8 1 8
8 9 15 0 15
10 15 8 0 8
3 3 8 0 8
17 60 9 0 9
1 1 2 0 2
1 1 0 0 0
8 9 11 0 11
1 1 4 0 4
10 15 0 0 0
3 3 1 0 1
1 1 4 0 4
1 1 4 0 4
1 1 4 0 4
1 1 4 0 4
1 1 3 0 3
1 1 2 0 2
1 11 4 0 4
8 13 2 0 2
1 1 4 0 4
1 1 3 0 3
1 1 3 0 3
1 1 0 0 0
1 1 2 0 2
1 1 4 0 4
10 15 1 0 1
1 1 4 0 4
1 1 1 0 1
1 1 3 0 3
1 1 1 0 1
1 1 0 0 0
1 1 3 0 3
1 1 3 0 3
1 1 2 0 2
1 1 4 0 4
1 1 4 0 4
1 1 1 0 1
1 1 2 0 2
1 1 1 0 1
1 1 4 0 4
1 1 2 0 2
10 15 0 0 0
10 15 0 0 0
4 8 1 0 1
1 1 3 0 3
3 3 1 0 1
3 3 2 0 2
10 15 4 0 4
3 25 2 0 2
3 3 4 0 4
3 25 1 0 1
3 3 1 0 1
1 1 0 0 0
1 1 2 0 2
10 15 1 0 1
1 1 2 0 2
1 1 1 0 1
1 1 2 0 2
1 1 4 0 4
1 1 0 0 0
10 15 2 0 2
3 3 1 0 1
3 3 4 0 4
3 3 4 0 4
3 3 4 0 4
3 3 4 0 4
3 3 1 0 1
3 3 1 0 1
3 3 0 0 0
3 3 0 0 0
3 3 1 0 1
10 20 3 0 3
10 20 2 0 2
1 11 1 0 1
3 3 4 0 4
1 11 3 0 3
26 13 13 0 13
26 13 26 0 26
8 13 3 0 3
1 11 4 0 4
4 4 1 0 1
3 3 4 0 4
10 20 2 0 2
8 13 3 0 3
10 20 2 0 2
1 11 2 0 2
5 5 2 0 2
1 11 2 0 2
8 13 1 0 1
1 11 4 0 4
6 13 4 0 4
4 13 1 0 1
1 11 1 0 1
8 13 4 0 4
1 11 2 0 2
1 11 0 0 0
1 11 2 0 2
5 5 2 0 2
1 10 4 0 4
1 10 1 0 1
1 1 2 0 2
1 1 3 0 3
1 10 3 0 3
1 10 0 0 0
1 10 0 0 0
1 10 3 0 3
1 10 2 0 2
1 10 2 0 2
1 10 1 0 1
1 10 3 0 3
1 10 2 0 2
10 136 0 0 0
3 3 3 0 3
3 3 4 0 4
3 3 4 0 4
3 3 4 0 4
1 1 0 0 0
3 92 4 0 4
1 1 3 0 3
1 1 3 0 3
3 3 1 0 1
3 3 1 0 1
3 3 3 0 3
3 3 0 0 0
1 1 1 0 1
1 1 1 0 1
3 3 4 0 4
3 3 1 0 1
3 3 2 0 2
1 11 4 0 4
3 3 4 0 4
1 1 3 0 3
33 13 1 0 1
3 3 1 0 1
1 1 1 0 1
1 11 2 0 2
11 23 4 0 4
3 3 2 0 2
3 3 4 0 4
3 3 2 0 2
3 25 1 0 1
3 3 2 0 2
3 3 1 0 1
11 23 0 0 0
11 23 4 0 4
3 3 0 0 0
1 1 1 0 1
1 1 1 0 1
3 36 2 1 2
3 36 0 1 0
3 21 1 0 1
3 21 8 0 8
3 21 8 0 8
1 1 8 0 8
1 1 8 0 8
1 1 8 0 8
3 137 8 0 8
1 24 8 0 8
1 1 8 0 8
1 1 8 0 8
8 34 15 0 15
1 1 8 0 8
6 13 9 0 9
4 4 9 0 9
4 7 9 0 9
6 138 9 0 9
3 3 8 0 8
3 3 8 0 8
10 15 8 0 8
10 139 8 0 8
34 13 15 0 15
10 15 8 0 8
3 21 8 0 8
15 53 9 0 9
3 22 8 1 8
3 22 8 1 8
14 22 5 1 5
3 3 8 0 8
18 10 15 0 15
3 3 8 0 8
3 21 8 0 8
19 12 15 0 15
6 48 15 0 15
10 15 8 0 8
10 15 8 0 8
1 1 3 0 3
3 3 3 0 3
3 3 1 0 1
3 3 2 0 2
1 10 2 0 2
4 4 9 0 9
8 9 8 0 8
8 9 15 0 15
8 9 19 0 19
3 22 8 1 8
3 36 8 1 8
3 22 8 1 8
1 11 2 0 2
5 5 4 0 4
5 5 3 0 3
1 11 3 0 3
5 5 1 0 1
1 11 1 0 1
5 5 0 0 0
5 5 0 0 0
5 5 1 0 1
5 5 0 0 0
5 5 0 0 0
5 5 3 0 3
5 5 2 0 2
1 11 0 0 0
4 4 1 0 1
3 22 2 1 2
3 21 4 0 4
1 1 1 0 1
3 21 4 0 4
3 21 1 0 1
3 36 4 1 4
1 1 4 0 4
3 21 1 0 1
11 23 0 0 0
3 21 2 0 2
3 21 0 0 0
3 22 1 1 1
1 10 4 0 4
1 1 1 0 1
3 3 0 0 0
3 3 0 0 0
3 3 0 0 0
1 1 4 0 4
3 3 4 0 4
4 8 1 0 1
3 21 4 0 4
3 21 1 0 1
1 10 4 0 4
1 10 1 0 1
1 10 0 0 0
1 1 1 0 1
1 1 8 0 8
1 1 8 0 8
4 8 8 0 8
1 1 8 0 8
1 1 8 0 8
1 1 8 0 8
4 4 8 0 8
1 1 8 0 8
1 1 8 0 8
1 1 8 0 8
6 13 15 0 15
10 20 8 0 8
10 20 8 0 8
3 21 8 0 8
10 20 8 0 8
3 3 8 0 8
9 14 8 0 8
1 1 8 0 8
3 3 8 0 8
1 1 8 0 8
1 1 8 0 8
3 21 8 0 8
1 1 8 0 8
1 1 8 0 8
10 20 8 0 8
10 20 8 0 8
10 20 8 0 8
10 20 8 0 8
10 20 8 0 8
10 20 8 0 8
10 20 8 0 8
10 20 8 0 8
10 20 8 0 8
10 20 8 0 8
10 20 8 0 8
3 3 8 0 8
1 1 8 0 8
1 10 0 0 0
1 10 0 0 0
1 10 0 0 0
3 21 0 0 0
1 10 1 0 1
1 10 2 0 2
1 1 3 0 3
3 3 3 0 3
3 140 2 0 2
3 141 1 0 1
1 1 3 0 3
10 142 0 0 0
10 15 3 0 3
3 3 0 0 0
10 15 3 0 3
1 1 0 0 0
1 10 4 0 4
1 11 2 0 2
4 8 1 0 1
5 5 3 0 3
1 11 0 0 0
1 11 4 0 4
5 5 4 0 4
1 11 3 0 3
5 5 3 0 3
1 11 3 0 3
5 5 2 0 2
1 11 4 0 4
1 11 2 0 2
1 11 3 0 3
3 3 0 0 0
3 3 4 0 4
3 3 1 0 1
8 13 0 0 0
3 3 0 0 0
3 3 1 0 1
3 3 0 0 0
3 3 0 0 0
1 11 2 0 2
2 9 1 0 1
8 9 12 0 12
1 11 3 0 3
3 3 0 0 0
3 3 0 0 0
3 3 0 0 0
3 3 4 0 4
3 3 4 0 4
3 3 1 0 1
3 3 1 0 1
3 3 0 0 0
3 3 0 0 0
3 3 0 0 0
3 3 1 0 1
3 3 1 0 1
3 3 1 0 1
3 3 4 0 4
3 3 1 0 1
3 3 1 0 1
3 3 1 0 1
3 3 1 0 1
3 3 0 0 0
3 3 0 0 0
3 3 1 0 1
1 11 3 0 3
8 13 1 0 1
1 11 1 0 1
3 3 1 0 1
3 3 1 0 1
3 3 1 0 1
3 3 4 0 4
1 1 0 0 0
1 1 3 0 3
10 15 2 0 2
1 1 4 0 4
1 1 1 0 1
4 8 1 0 1
3 3 4 0 4
3 3 1 0 1
17 143 9 1 9
1 1 8 0 8
1 1 8 0 8
3 3 0 0 0
3 3 0 0 0
3 3 0 0 0
10 15 2 0 2
1 11 3 0 3
3 3 1 0 1
3 25 3 0 3
10 15 1 0 1
1 11 0 0 0
1 11 4 0 4
1 10 4 0 4
1 11 2 0 2
1 11 0 0 0
13 49 10 0 10
3 22 2 1 2
3 3 1 0 1
3 3 3 0 3
1 10 2 0 2
3 21 2 0 2
10 144 1 0 1
3 3 4 0 4
1 10 4 0 4
10 145 0 0 0
1 1 4 0 4
3 3 4 0 4
7 12 9 0 9
10 20 8 0 8
1 1 8 0 8
1 1 8 0 8
3 3 8 0 8
3 3 8 0 8
3 3 8 0 8
8 13 8 0 8
1 1 8 0 8
8 13 8 0 8
1 11 8 0 8
7 12 9 0 9
4 4 5 0 5
4 4 5 0 5
3 3 5 0 5
1 1 8 0 8
1 1 8 0 8
10 15 3 0 3
1 11 4 0 4
2 9 3 0 3
10 15 1 0 1
8 9 16 0 16
3 3 5 0 5
4 8 5 0 5
5 5 5 0 5
4 4 5 0 5
4 4 5 0 5
9 14 5 0 5
4 8 7 0 7
4 4 7 0 7
4 7 7 0 7
4 8 7 0 7
4 4 7 0 7
6 13 7 0 7
4 4 7 0 7
16 7 10 0 10
1 11 5 0 5
3 9 5 0 5
5 5 5 0 5
1 11 5 0 5
1 11 5 0 5
4 8 5 0 5
5 5 5 0 5
5 5 5 0 5
7 7 6 0 6
7 7 5 0 5
3 3 5 0 5
3 3 5 0 5
13 49 10 0 10
26 7 10 0 10
5 5 8 0 8
4 8 8 0 8
1 11 8 0 8
1 11 8 0 8
5 5 8 0 8
7 7 9 0 9
7 12 9 0 9
1 1 8 0 8
8 34 15 0 15
10 20 8 0 8
10 20 8 0 8
13 146 15 0 15
1 11 8 0 8
5 5 8 0 8
8 13 8 0 8
10 15 8 0 8
10 20 8 0 8
6 147 9 0 9
1 11 8 0 8
1 11 8 0 8
5 5 8 0 8
4 8 8 0 8
22 50 8 0 8
4 8 8 0 8
1 11 8 0 8
1 1 8 0 8
1 11 8 0 8
1 11 8 0 8
1 11 8 0 8
5 5 8 0 8
7 148 15 0 15
1 11 8 0 8
21 13 15 0 15
1 11 8 0 8
1 11 8 0 8
5 5 8 0 8
5 5 8 0 8
1 11 8 0 8
5 5 8 0 8
10 15 8 0 8
3 3 8 0 8
10 15 8 0 8
3 3 8 0 8
1 11 8 0 8
6 149 9 0 9
4 4 8 0 8
1 1 8 0 8
1 1 8 0 8
1 1 8 0 8
4 8 8 0 8
8 13 8 0 8
4 4 8 0 8
1 1 8 0 8
1 11 8 0 8
3 3 8 0 8
3 3 8 0 8
3 9 8 0 8
1 1 8 0 8
1 11 8 0 8
4 13 8 0 8
26 81 8 0 8
3 3 8 0 8
2 9 8 0 8
10 20 8 0 8
10 15 2 0 2
3 22 2 1 2
10 150 1 0 1
3 3 4 0 4
3 3 0 0 0
3 3 0 0 0
10 15 1 0 1
3 3 0 0 0
5 5 0 0 0
4 4 15 0 15
8 9 19 0 19
17 151 10 1 10
3 36 8 1 8
1 11 4 0 4
5 5 4 0 4
1 10 3 0 3
1 10 3 0 3
1 10 1 0 1
11 23 1 0 1
3 3 0 0 0
1 11 2 0 2
1 1 1 0 1
1 1 0 0 0
4 4 7 0 7
3 36 8 1 8
3 3 8 0 8
4 4 8 0 8
8 13 8 0 8
10 152 8 0 8
1 11 8 0 8
4 8 8 0 8
1 11 8 0 8
4 8 8 0 8
1 11 8 0 8
5 5 8 0 8
10 20 8 0 8
4 8 8 0 8
3 3 8 0 8
4 7 8 0 8
4 4 8 0 8
30 100 15 0 15
1 1 8 0 8
10 20 8 0 8
1 1 8 0 8
10 153 8 0 8
1 1 8 0 8
1 1 8 0 8
3 22 8 1 8
10 20 8 0 8
16 7 15 0 15
1 1 8 0 8
1 1 8 0 8
1 1 8 0 8
6 12 9 0 9
1 1 8 0 8
3 21 8 0 8
3 21 8 0 8
3 21 8 0 8
1 1 8 0 8
1 1 8 0 8
1 1 8 0 8
1 1 8 0 8
1 1 8 0 8
1 1 8 0 8
1 1 8 0 8
1 1 8 0 8
1 1 8 0 8
1 1 8 0 8
1 1 8 0 8
1 1 8 0 8
1 1 8 0 8
4 8 8 0 8
1 1 8 0 8
1 1 8 0 8
1 1 8 0 8
1 11 8 0 8
1 11 8 0 8
1 13 8 0 8
4 4 8 0 8
1 1 8 0 8
1 1 8 0 8
1 1 8 0 8
1 1 8 0 8
1 1 8 0 8
1 1 8 0 8
1 1 8 0 8
4 4 8 0 8
4 4 8 0 8
1 1 8 0 8
4 13 8 0 8
9 14 8 0 8
3 3 8 0 8
4 8 8 0 8
4 4 8 0 8
1 1 8 0 8
1 1 8 0 8
1 1 8 0 8
1 1 8 0 8
10 15 8 0 8
1 1 8 0 8
4 7 8 0 8
4 13 8 0 8
4 13 8 0 8
1 1 8 0 8
4 8 8 0 8
1 1 8 0 8
3 3 8 0 8
3 3 8 0 8
3 3 8 0 8
1 1 8 0 8
1 1 8 0 8
4 8 8 0 8
1 1 8 0 8
1 1 8 0 8
1 1 8 0 8
1 1 8 0 8
1 1 8 0 8
1 1 8 0 8
1 1 8 0 8
1 1 8 0 8
1 1 8 0 8
1 1 8 0 8
1 1 8 0 8
1 1 8 0 8
4 4 8 0 8
1 1 8 0 8
1 1 8 0 8
1 24 8 0 8
24 7 9 0 9
4 4 8 0 8
4 4 8 0 8
1 1 8 0 8
3 3 8 0 8
3 3 8 0 8
3 3 8 0 8
3 3 8 0 8
3 3 8 0 8
1 1 8 0 8
1 1 8 0 8
1 1 8 0 8
3 21 8 0 8
3 21 8 0 8
10 20 8 0 8
10 20 8 0 8
10 20 8 0 8
10 20 8 0 8
10 15 8 0 8
4 7 8 0 8
4 4 8 0 8
1 1 8 0 8
1 11 8 0 8
5 5 8 0 8
5 5 8 0 8
1 11 8 0 8
1 11 8 0 8
1 11 8 0 8
1 11 8 0 8
5 5 8 0 8
5 5 8 0 8
7 7 9 0 9
7 7 9 0 9
7 7 15 0 15
7 12 9 0 9
7 7 9 0 9
7 7 9 0 9
7 7 9 0 9
27 12 9 0 9
4 4 6 0 6
3 3 0 0 0
3 3 2 0 2
3 21 2 0 2
3 22 0 1 0
3 3 1 0 1
3 3 4 0 4
3 3 4 0 4
3 21 0 0 0
3 21 2 0 2
3 21 0 0 0
3 21 4 0 4
3 21 4 0 4
3 22 4 1 4
3 21 4 0 4
3 21 2 0 2
3 21 4 0 4
10 154 1 0 1
3 155 2 0 2
4 4 1 0 1
10 15 4 0 4
3 3 2 0 2
3 25 1 0 1
1 24 0 0 0
10 156 2 0 2
1 10 1 0 1
